CST XY Data Exchange Format V2

Title    = S-Parameters
Xlabel   = Frequency / GHz
Ylabel   = dB

Curvelabel          = S1,1
Filename            = ^cS1(1)1(1).sig
Npoints             = 1001
Type                = 8
Subtype             = 16
Logfactor           = 20
Result type         = complex:none;impedance
View type           = Cartesian
Plot type           = Magnitude dB
Data/Title          = S-Parameters
X/Label             = Frequency
X/Unit              = GHz
Y/Unit              = 
Y/Logfactor         = 20
Plot/wrapHeuristics = 0

1.5	0.89615142345428	-0.37679317593575	50.270579351398	0
1.5019999742508	0.89435493946075	-0.3816659450531	50.270579351398	0
1.5039999485016	0.89252442121506	-0.38655427098274	50.270579351398	0
1.5060000419617	0.89065790176392	-0.39145764708519	50.270579351398	0
1.5080000162125	0.88875383138657	-0.39637416601181	50.270579351398	0
1.5099999904633	0.88681018352509	-0.40130317211151	50.270579351398	0
1.5119999647141	0.88482558727264	-0.4062425494194	50.270579351398	0
1.5140000581741	0.88279819488525	-0.41119188070297	50.270579351398	0
1.5160000324249	0.88072675466537	-0.41614878177643	50.270579351398	0
1.5180000066757	0.87861007452011	-0.42111164331436	50.270579351398	0
1.5199999809265	0.87644696235657	-0.42607891559601	50.270579351398	0
1.5219999551773	0.87423640489578	-0.43104836344719	50.270579351398	0
1.5240000486374	0.87197732925415	-0.43601882457733	50.270579351398	0
1.5260000228882	0.8696693778038	-0.44098761677742	50.270579351398	0
1.527999997139	0.86731177568436	-0.44595268368721	50.270579351398	0
1.5299999713898	0.8649041056633	-0.45091223716736	50.270579351398	0
1.5319999456406	0.8624461889267	-0.45586454868317	50.270579351398	0
1.5340000391006	0.85993790626526	-0.4608069062233	50.270579351398	0
1.5360000133514	0.8573791384697	-0.4657376408577	50.270579351398	0
1.5379999876022	0.85477018356323	-0.47065475583076	50.270579351398	0
1.539999961853	0.85211145877838	-0.47555592656136	50.270579351398	0
1.5420000553131	0.84940320253372	-0.48043975234032	50.270579351398	0
1.5440000295639	0.84664618968964	-0.48530381917953	50.270579351398	0
1.5460000038147	0.84384113550186	-0.49014657735825	50.270579351398	0
1.5479999780655	0.84098887443542	-0.49496576189995	50.270579351398	0
1.5499999523163	0.83809047937393	-0.49976009130478	50.270579351398	0
1.5520000457764	0.83514672517776	-0.50452792644501	50.270579351398	0
1.5540000200272	0.83215922117233	-0.50926768779755	50.270579351398	0
1.555999994278	0.82912892103195	-0.51397788524628	50.270579351398	0
1.5579999685287	0.82605731487274	-0.51865744590759	50.270579351398	0
1.5599999427795	0.82294601202011	-0.52330482006073	50.270579351398	0
1.5620000362396	0.81979620456696	-0.52791905403137	50.270579351398	0
1.5640000104904	0.81660974025726	-0.5324991941452	50.270579351398	0
1.5659999847412	0.81338828802109	-0.53704440593719	50.270579351398	0
1.567999958992	0.81013315916061	-0.54155397415161	50.270579351398	0
1.5700000524521	0.80684643983841	-0.54602724313736	50.270579351398	0
1.5720000267029	0.80352962017059	-0.55046409368515	50.270579351398	0
1.5740000009537	0.80018442869186	-0.55486369132996	50.270579351398	0
1.5759999752045	0.79681265354156	-0.55922609567642	50.270579351398	0
1.5779999494553	0.79341596364975	-0.56355142593384	50.270579351398	0
1.5800000429153	0.78999596834183	-0.56783938407898	50.270579351398	0
1.5820000171661	0.78655457496643	-0.57209014892578	50.270579351398	0
1.5839999914169	0.78309315443039	-0.57630425691605	50.270579351398	0
1.5859999656677	0.77961337566376	-0.58048218488693	50.270579351398	0
1.5880000591278	0.77611654996872	-0.58462429046631	50.270579351398	0
1.5900000333786	0.77260458469391	-0.58873111009598	50.270579351398	0
1.5920000076294	0.76907843351364	-0.59280341863632	50.270579351398	0
1.5939999818802	0.76553964614868	-0.59684216976166	50.270579351398	0
1.595999956131	0.76198917627335	-0.60084807872772	50.270579351398	0
1.5980000495911	0.75842845439911	-0.60482215881348	50.270579351398	0
1.6000000238419	0.75485819578171	-0.60876554250717	50.270579351398	0
1.6019999980927	0.75127959251404	-0.61267936229706	50.270579351398	0
1.6039999723434	0.74769341945648	-0.6165646314621	50.270579351398	0
1.6059999465942	0.74410027265549	-0.62042254209518	50.270579351398	0
1.6080000400543	0.74050080776215	-0.62425464391708	50.270579351398	0
1.6100000143051	0.73689568042755	-0.62806183099747	50.270579351398	0
1.6119999885559	0.73328500986099	-0.63184559345245	50.270579351398	0
1.6139999628067	0.72966933250427	-0.63560724258423	50.270579351398	0
1.6160000562668	0.72604870796204	-0.63934814929962	50.270579351398	0
1.6180000305176	0.72242319583893	-0.64306926727295	50.270579351398	0
1.6200000047684	0.7187927365303	-0.64677214622498	50.270579351398	0
1.6219999790192	0.71515715122223	-0.65045803785324	50.270579351398	0
1.62399995327	0.71151626110077	-0.65412837266922	50.270579351398	0
1.62600004673	0.70786952972412	-0.65778386592865	50.270579351398	0
1.6280000209808	0.70421665906906	-0.66142594814301	50.270579351398	0
1.6299999952316	0.70055717229843	-0.66505545377731	50.270579351398	0
1.6319999694824	0.6968902349472	-0.66867381334305	50.270579351398	0
1.6339999437332	0.69321519136429	-0.6722816824913	50.270579351398	0
1.6360000371933	0.68953108787537	-0.67588019371033	50.270579351398	0
1.6380000114441	0.68583756685257	-0.67946976423264	50.270579351398	0
1.6399999856949	0.68213313817978	-0.68305158615112	50.270579351398	0
1.6419999599457	0.6784171462059	-0.68662589788437	50.270579351398	0
1.6440000534058	0.6746883392334	-0.6901935338974	50.270579351398	0
1.6460000276566	0.67094570398331	-0.69375479221344	50.270579351398	0
1.6480000019073	0.6671884059906	-0.697310090065	50.270579351398	0
1.6499999761581	0.66341495513916	-0.7008598446846	50.270579351398	0
1.6519999504089	0.65962433815002	-0.70440393686295	50.270579351398	0
1.654000043869	0.65581518411636	-0.70794284343719	50.270579351398	0
1.6560000181198	0.6519867181778	-0.71147608757019	50.270579351398	0
1.6579999923706	0.64813780784607	-0.71500372886658	50.270579351398	0
1.6599999666214	0.64426648616791	-0.718525826931	50.270579351398	0
1.6619999408722	0.6403723359108	-0.72204160690308	50.270579351398	0
1.6640000343323	0.63645440340042	-0.72555077075958	50.270579351398	0
1.6660000085831	0.63251107931137	-0.72905308008194	50.270579351398	0
1.6679999828339	0.62854182720184	-0.73254752159119	50.270579351398	0
1.6699999570847	0.62454503774643	-0.73603403568268	50.270579351398	0
1.6720000505447	0.62051975727081	-0.73951172828674	50.270579351398	0
1.6740000247955	0.61646604537964	-0.74297916889191	50.270579351398	0
1.6759999990463	0.61238253116608	-0.74643588066101	50.270579351398	0
1.6779999732971	0.60826802253723	-0.74988126754761	50.270579351398	0
1.6799999475479	0.60412275791168	-0.75331330299377	50.270579351398	0
1.682000041008	0.59994506835938	-0.75673228502274	50.270579351398	0
1.6840000152588	0.59573483467102	-0.76013630628586	50.270579351398	0
1.6859999895096	0.59149223566055	-0.76352399587631	50.270579351398	0
1.6879999637604	0.58721655607224	-0.76689440011978	50.270579351398	0
1.6900000572205	0.58290660381317	-0.77024704217911	50.270579351398	0
1.6920000314713	0.57856351137161	-0.77357965707779	50.270579351398	0
1.694000005722	0.57418632507324	-0.77689146995544	50.270579351398	0
1.6959999799728	0.56977558135986	-0.7801810503006	50.270579351398	0
1.6979999542236	0.56533116102219	-0.78344714641571	50.270579351398	0
1.7000000476837	0.56085312366486	-0.78668862581253	50.270579351398	0
1.7020000219345	0.55634140968323	-0.78990459442139	50.270579351398	0
1.7039999961853	0.5517965555191	-0.7930936217308	50.270579351398	0
1.7059999704361	0.54721945524216	-0.79625415802002	50.270579351398	0
1.7079999446869	0.54261046648026	-0.79938513040543	50.270579351398	0
1.710000038147	0.5379690527916	-0.80248618125916	50.270579351398	0
1.7120000123978	0.53329735994339	-0.80555540323257	50.270579351398	0
1.7139999866486	0.52859574556351	-0.80859172344208	50.270579351398	0
1.7159999608994	0.52386391162872	-0.81159514188766	50.270579351398	0
1.7180000543594	0.51910388469696	-0.81456387042999	50.270579351398	0
1.7200000286102	0.51431608200073	-0.81749731302261	50.270579351398	0
1.722000002861	0.50950175523758	-0.82039451599121	50.270579351398	0
1.7239999771118	0.50466161966324	-0.82325500249863	50.270579351398	0
1.7259999513626	0.49979642033577	-0.82607817649841	50.270579351398	0
1.7280000448227	0.49490770697594	-0.82886338233948	50.270579351398	0
1.7300000190735	0.48999634385109	-0.83161008358002	50.270579351398	0
1.7319999933243	0.48506328463554	-0.83431792259216	50.270579351398	0
1.7339999675751	0.48010987043381	-0.83698654174805	50.270579351398	0
1.7359999418259	0.47513711452484	-0.83961570262909	50.270579351398	0
1.7380000352859	0.47014608979225	-0.84220540523529	50.270579351398	0
1.7400000095367	0.46513813734055	-0.84475535154343	50.270579351398	0
1.7419999837875	0.46011412143707	-0.84726524353027	50.270579351398	0
1.7439999580383	0.4550753235817	-0.84973561763763	50.270579351398	0
1.7460000514984	0.45002263784409	-0.8521665930748	50.270579351398	0
1.7480000257492	0.44495734572411	-0.85455799102783	50.270579351398	0
1.75	0.43988037109375	-0.85691034793854	50.270579351398	0
1.7519999742508	0.43479263782501	-0.85922384262085	50.270579351398	0
1.7539999485016	0.42969506978989	-0.86149901151657	50.270579351398	0
1.7560000419617	0.42458859086037	-0.8637363910675	50.270579351398	0
1.7580000162125	0.41947412490845	-0.86593627929688	50.270579351398	0
1.7599999904633	0.41435241699219	-0.86809921264648	50.270579351398	0
1.7619999647141	0.40922409296036	-0.870226085186	50.270579351398	0
1.7640000581741	0.40408995747566	-0.8723172545433	50.270579351398	0
1.7660000324249	0.39895060658455	-0.8743736743927	50.270579351398	0
1.7680000066757	0.39380666613579	-0.87639582157135	50.270579351398	0
1.7699999809265	0.3886584341526	-0.87838447093964	50.270579351398	0
1.7719999551773	0.38350647687912	-0.88034045696259	50.270579351398	0
1.7740000486374	0.37835088372231	-0.88226467370987	50.270579351398	0
1.7760000228882	0.37319239974022	-0.88415759801865	50.270579351398	0
1.777999997139	0.36803084611893	-0.88602030277252	50.270579351398	0
1.7799999713898	0.36286649107933	-0.8878533244133	50.270579351398	0
1.7819999456406	0.35769930481911	-0.88965779542923	50.270579351398	0
1.7840000391006	0.35252928733826	-0.89143437147141	50.270579351398	0
1.7860000133514	0.34735652804375	-0.89318346977234	50.270579351398	0
1.7879999876022	0.34218075871468	-0.89490610361099	50.270579351398	0
1.789999961853	0.33700183033943	-0.89660310745239	50.270579351398	0
1.7920000553131	0.33181929588318	-0.8982749581337	50.270579351398	0
1.7940000295639	0.32663318514824	-0.89992219209671	50.270579351398	0
1.7960000038147	0.32144284248352	-0.90154576301575	50.270579351398	0
1.7979999780655	0.31624805927277	-0.90314596891403	50.270579351398	0
1.7999999523163	0.31104826927185	-0.90472322702408	50.270579351398	0
1.8020000457764	0.30584281682968	-0.90627819299698	50.270579351398	0
1.8040000200272	0.30063134431839	-0.90781116485596	50.270579351398	0
1.805999994278	0.29541325569153	-0.90932261943817	50.270579351398	0
1.8079999685287	0.29018780589104	-0.91081255674362	50.270579351398	0
1.8099999427795	0.28495454788208	-0.91228151321411	50.270579351398	0
1.8120000362396	0.27971264719963	-0.913729429245	50.270579351398	0
1.8140000104904	0.27446156740189	-0.91515642404556	50.270579351398	0
1.8159999847412	0.26920065283775	-0.91656267642975	50.270579351398	0
1.817999958992	0.26392900943756	-0.91794800758362	50.270579351398	0
1.8200000524521	0.25864613056183	-0.91931235790253	50.270579351398	0
1.8220000267029	0.25335124135017	-0.92065566778183	50.270579351398	0
1.8240000009537	0.24804380536079	-0.92197751998901	50.270579351398	0
1.8259999752045	0.24272310733795	-0.92327773571014	50.270579351398	0
1.8279999494553	0.23738844692707	-0.92455607652664	50.270579351398	0
1.8300000429153	0.23203913867474	-0.92581194639206	50.270579351398	0
1.8320000171661	0.22667483985424	-0.92704486846924	50.270579351398	0
1.8339999914169	0.22129490971565	-0.92825448513031	50.270579351398	0
1.8359999656677	0.21589887142181	-0.92944014072418	50.270579351398	0
1.8380000591278	0.2104859650135	-0.93060123920441	50.270579351398	0
1.8400000333786	0.20505620539188	-0.93173706531525	50.270579351398	0
1.8420000076294	0.19960895180702	-0.93284690380096	50.270579351398	0
1.8439999818802	0.19414390623569	-0.93393015861511	50.270579351398	0
1.845999956131	0.18866083025932	-0.93498605489731	50.270579351398	0
1.8480000495911	0.1831593811512	-0.93601363897324	50.270579351398	0
1.8500000238419	0.17763957381248	-0.93701201677322	50.270579351398	0
1.8519999980927	0.17210128903389	-0.93798047304153	50.270579351398	0
1.8539999723434	0.166544303298	-0.93891823291779	50.270579351398	0
1.8559999465942	0.16096884012222	-0.93982434272766	50.270579351398	0
1.8580000400543	0.15537463128567	-0.94069790840149	50.270579351398	0
1.8600000143051	0.14976219832897	-0.9415380358696	50.270579351398	0
1.8619999885559	0.14413164556026	-0.94234383106232	50.270579351398	0
1.8639999628067	0.13848310709	-0.94311439990997	50.270579351398	0
1.8660000562668	0.13281674683094	-0.94384896755219	50.270579351398	0
1.8680000305176	0.1271333694458	-0.94454663991928	50.270579351398	0
1.8700000047684	0.12143310904503	-0.94520658254623	50.270579351398	0
1.8719999790192	0.11571664363146	-0.94582802057266	50.270579351398	0
1.87399995327	0.10998427122831	-0.94641023874283	50.270579351398	0
1.87600004673	0.10423648357391	-0.94695234298706	50.270579351398	0
1.8780000209808	0.098474316298962	-0.94745361804962	50.270579351398	0
1.8799999952316	0.092698261141777	-0.94791370630264	50.270579351398	0
1.8819999694824	0.086908929049969	-0.94833171367645	50.270579351398	0
1.8839999437332	0.08110710978508	-0.9487070441246	50.270579351398	0
1.8860000371933	0.075293585658073	-0.94903934001923	50.270579351398	0
1.8880000114441	0.069469340145588	-0.94932788610458	50.270579351398	0
1.8899999856949	0.063635058701038	-0.94957250356674	50.270579351398	0
1.8919999599457	0.057791512459517	-0.94977271556854	50.270579351398	0
1.8940000534058	0.051939662545919	-0.94992822408676	50.270579351398	0
1.8960000276566	0.04608054459095	-0.95003867149353	50.270579351398	0
1.8980000019073	0.040214981883764	-0.95010387897491	50.270579351398	0
1.8999999761581	0.034343786537647	-0.95012378692627	50.270579351398	0
1.9019999504089	0.028467988595366	-0.95009803771973	50.270579351398	0
1.904000043869	0.022588292136788	-0.95002698898315	50.270579351398	0
1.9060000181198	0.016705755144358	-0.94991046190262	50.270579351398	0
1.9079999923706	0.010821309871972	-0.94974839687347	50.270579351398	0
1.9099999666214	0.0049356976523995	-0.94954109191895	50.270579351398	0
1.9119999408722	-0.00095016584964469	-0.94928860664368	50.270579351398	0
1.9140000343323	-0.0068356147967279	-0.94899117946625	50.270579351398	0
1.9160000085831	-0.012719714082778	-0.94864910840988	50.270579351398	0
1.9179999828339	-0.018601663410664	-0.9482626914978	50.270579351398	0
1.9199999570847	-0.024480817839503	-0.94783234596252	50.270579351398	0
1.9220000505447	-0.030356597155333	-0.94735831022263	50.270579351398	0
1.9240000247955	-0.036228112876415	-0.94684100151062	50.270579351398	0
1.9259999990463	-0.042094863951206	-0.94628113508224	50.270579351398	0
1.9279999732971	-0.047956340014935	-0.94567888975143	50.270579351398	0
1.9299999475479	-0.053812023252249	-0.94503504037857	50.270579351398	0
1.932000041008	-0.059661500155926	-0.94434988498688	50.270579351398	0
1.9340000152588	-0.065504133701324	-0.94362396001816	50.270579351398	0
1.9359999895096	-0.071339681744576	-0.94285798072815	50.270579351398	0
1.9379999637604	-0.077167898416519	-0.94205260276794	50.270579351398	0
1.9400000572205	-0.082988597452641	-0.94120812416077	50.270579351398	0
1.9420000314713	-0.088801309466362	-0.940325319767	50.270579351398	0
1.944000005722	-0.094606027007103	-0.93940460681915	50.270579351398	0
1.9459999799728	-0.10040263086557	-0.93844670057297	50.270579351398	0
1.9479999542236	-0.10619103163481	-0.93745195865631	50.270579351398	0
1.9500000476837	-0.11197135597467	-0.93642103672028	50.270579351398	0
1.9520000219345	-0.11774350702763	-0.9353546500206	50.270579351398	0
1.9539999961853	-0.12350752204657	-0.93425279855728	50.270579351398	0
1.9559999704361	-0.1292636692524	-0.93311637639999	50.270579351398	0
1.9579999446869	-0.13501201570034	-0.93194568157196	50.270579351398	0
1.960000038147	-0.14075291156769	-0.93074101209641	50.270579351398	0
1.9620000123978	-0.14648638665676	-0.92950284481049	50.270579351398	0
1.9639999866486	-0.15221287310123	-0.92823159694672	50.270579351398	0
1.9659999608994	-0.1579325646162	-0.92692732810974	50.270579351398	0
1.9680000543594	-0.16364601254463	-0.92559039592743	50.270579351398	0
1.9700000286102	-0.16935329139233	-0.92422097921371	50.270579351398	0
1.972000002861	-0.17505492269993	-0.92281925678253	50.270579351398	0
1.9739999771118	-0.18075126409531	-0.92138528823853	50.270579351398	0
1.9759999513626	-0.18644274771214	-0.91991925239563	50.270579351398	0
1.9780000448227	-0.19212990999222	-0.91842085123062	50.270579351398	0
1.9800000190735	-0.19781288504601	-0.91689038276672	50.270579351398	0
1.9819999933243	-0.2034922093153	-0.91532748937607	50.270579351398	0
1.9839999675751	-0.20916841924191	-0.9137322306633	50.270579351398	0
1.9859999418259	-0.21484170854092	-0.9121041893959	50.270579351398	0
1.9880000352859	-0.2205127030611	-0.91044330596924	50.270579351398	0
1.9900000095367	-0.22618152201176	-0.90874916315079	50.270579351398	0
1.9919999837875	-0.23184862732887	-0.90702140331268	50.270579351398	0
1.9939999580383	-0.23751439154148	-0.90525960922241	50.270579351398	0
1.9960000514984	-0.24317920207977	-0.90346342325211	50.270579351398	0
1.9980000257492	-0.24884313344955	-0.90163242816925	50.270579351398	0
2	-0.25450646877289	-0.89976596832275	50.270579351398	0
2.0020000934601	-0.26016962528229	-0.89786344766617	50.270579351398	0
2.0039999485016	-0.26583233475685	-0.89592438936234	50.270579351398	0
2.0060000419617	-0.27149528264999	-0.89394819736481	50.270579351398	0
2.0079998970032	-0.27715802192688	-0.8919340968132	50.270579351398	0
2.0099999904633	-0.28282102942467	-0.88988149166107	50.270579351398	0
2.0120000839233	-0.28848415613174	-0.88778966665268	50.270579351398	0
2.0139999389648	-0.29414695501328	-0.885657787323	50.270579351398	0
2.0160000324249	-0.29980996251106	-0.88348531723022	50.270579351398	0
2.0179998874664	-0.30547246336937	-0.88127154111862	50.270579351398	0
2.0199999809265	-0.3111347258091	-0.87901538610458	50.270579351398	0
2.0220000743866	-0.31679621338844	-0.8767164349556	50.270579351398	0
2.0239999294281	-0.32245647907257	-0.87437379360199	50.270579351398	0
2.0260000228882	-0.32811546325684	-0.87198674678802	50.270579351398	0
2.0280001163483	-0.33377268910408	-0.86955451965332	50.270579351398	0
2.0299999713898	-0.33942732214928	-0.86707645654678	50.270579351398	0
2.0320000648499	-0.34507942199707	-0.86455178260803	50.270579351398	0
2.0339999198914	-0.35072779655457	-0.86197984218597	50.270579351398	0
2.0360000133514	-0.35637244582176	-0.85935986042023	50.270579351398	0
2.0380001068115	-0.36201244592667	-0.85669136047363	50.270579351398	0
2.039999961853	-0.36764678359032	-0.8539736866951	50.270579351398	0
2.0420000553131	-0.3732753098011	-0.85120618343353	50.270579351398	0
2.0439999103546	-0.37889671325684	-0.84838837385178	50.270579351398	0
2.0460000038147	-0.38451063632965	-0.84551966190338	50.270579351398	0
2.0480000972748	-0.39011600613594	-0.84259968996048	50.270579351398	0
2.0499999523163	-0.3957117497921	-0.8396281003952	50.270579351398	0
2.0520000457764	-0.40129745006561	-0.8366042971611	50.270579351398	0
2.0539999008179	-0.40687158703804	-0.8335280418396	50.270579351398	0
2.055999994278	-0.41243386268616	-0.83039903640747	50.270579351398	0
2.058000087738	-0.4179829955101	-0.82721698284149	50.270579351398	0
2.0599999427795	-0.42351785302162	-0.82398188114166	50.270579351398	0
2.0620000362396	-0.42903783917427	-0.82069337368011	50.270579351398	0
2.0639998912811	-0.4345415532589	-0.81735152006149	50.270579351398	0
2.0659999847412	-0.44002851843834	-0.81395608186722	50.270579351398	0
2.0680000782013	-0.44549742341042	-0.81050711870193	50.270579351398	0
2.0699999332428	-0.45094722509384	-0.80700486898422	50.270579351398	0
2.0720000267029	-0.45637741684914	-0.80344921350479	50.270579351398	0
2.0739998817444	-0.46178647875786	-0.79984045028687	50.270579351398	0
2.0759999752045	-0.46717393398285	-0.79617846012115	50.270579351398	0
2.0780000686646	-0.47253885865211	-0.79246383905411	50.270579351398	0
2.0799999237061	-0.47787994146347	-0.78869664669037	50.270579351398	0
2.0820000171661	-0.48319685459137	-0.78487718105316	50.270579351398	0
2.0840001106262	-0.48848858475685	-0.78100579977036	50.270579351398	0
2.0859999656677	-0.49375411868095	-0.7770830988884	50.270579351398	0
2.0880000591278	-0.49899306893349	-0.77310901880264	50.270579351398	0
2.0899999141693	-0.50420439243317	-0.76908433437347	50.270579351398	0
2.0920000076294	-0.50938767194748	-0.76500928401947	50.270579351398	0
2.0940001010895	-0.51454228162766	-0.76088458299637	50.270579351398	0
2.095999956131	-0.51966720819473	-0.75671046972275	50.270579351398	0
2.0980000495911	-0.52476245164871	-0.7524875998497	50.270579351398	0
2.0999999046326	-0.52982705831528	-0.74821645021439	50.270579351398	0
2.1019999980927	-0.53486078977585	-0.74389731884003	50.270579351398	0
2.1040000915527	-0.53986328840256	-0.73953092098236	50.270579351398	0
2.1059999465942	-0.54483377933502	-0.73511791229248	50.270579351398	0
2.1080000400543	-0.54977238178253	-0.73065841197968	50.270579351398	0
2.1099998950958	-0.55467844009399	-0.72615331411362	50.270579351398	0
2.1119999885559	-0.5595520734787	-0.72160279750824	50.270579351398	0
2.114000082016	-0.56439274549484	-0.7170073390007	50.270579351398	0
2.1159999370575	-0.56920021772385	-0.71236765384674	50.270579351398	0
2.1180000305176	-0.57397472858429	-0.70768386125565	50.270579351398	0
2.1199998855591	-0.57871568202972	-0.70295655727386	50.270579351398	0
2.1219999790192	-0.58342343568802	-0.69818586111069	50.270579351398	0
2.1240000724792	-0.58809781074524	-0.69337230920792	50.270579351398	0
2.1259999275208	-0.59273850917816	-0.68851631879807	50.270579351398	0
2.1280000209808	-0.5973459482193	-0.68361777067184	50.270579351398	0
2.1300001144409	-0.60191994905472	-0.67867708206177	50.270579351398	0
2.1319999694824	-0.60646039247513	-0.6736946105957	50.270579351398	0
2.1340000629425	-0.6109676361084	-0.66867017745972	50.270579351398	0
2.135999917984	-0.6154413819313	-0.66360408067703	50.270579351398	0
2.1380000114441	-0.61988204717636	-0.65849614143372	50.270579351398	0
2.1400001049042	-0.62428969144821	-0.6533465385437	50.270579351398	0
2.1419999599457	-0.62866395711899	-0.64815533161163	50.270579351398	0
2.1440000534058	-0.63300532102585	-0.64292198419571	50.270579351398	0
2.1459999084473	-0.63731354475021	-0.63764691352844	50.270579351398	0
2.1480000019073	-0.6415890455246	-0.6323294043541	50.270579351398	0
2.1500000953674	-0.64583146572113	-0.62696939706802	50.270579351398	0
2.1519999504089	-0.6500409245491	-0.62156695127487	50.270579351398	0
2.154000043869	-0.6542175412178	-0.61612117290497	50.270579351398	0
2.1559998989105	-0.65836089849472	-0.6106321811676	50.270579351398	0
2.1579999923706	-0.66247129440308	-0.6050990819931	50.270579351398	0
2.1600000858307	-0.66654843091965	-0.59952163696289	50.270579351398	0
2.1619999408722	-0.67059195041656	-0.59389960765839	50.270579351398	0
2.1640000343323	-0.67460203170776	-0.58823210000992	50.270579351398	0
2.1659998893738	-0.67857795953751	-0.58251875638962	50.270579351398	0
2.1679999828339	-0.68251979351044	-0.5767588019371	50.270579351398	0
2.1700000762939	-0.68642717599869	-0.57095181941986	50.270579351398	0
2.1719999313354	-0.69029927253723	-0.5650971531868	50.270579351398	0
2.1740000247955	-0.69413608312607	-0.55919402837753	50.270579351398	0
2.1760001182556	-0.69793683290482	-0.55324178934097	50.270579351398	0
2.1779999732971	-0.70170086622238	-0.5472400188446	50.270579351398	0
2.1800000667572	-0.7054278254509	-0.54118770360947	50.270579351398	0
2.1819999217987	-0.7091166973114	-0.53508448600769	50.270579351398	0
2.1840000152588	-0.7127668261528	-0.52892929315567	50.270579351398	0
2.1860001087189	-0.71637749671936	-0.52272164821625	50.270579351398	0
2.1879999637604	-0.71994739770889	-0.51646101474762	50.270579351398	0
2.1900000572205	-0.72347611188889	-0.5101466178894	50.270579351398	0
2.191999912262	-0.72696220874786	-0.5037779211998	50.270579351398	0
2.194000005722	-0.73040473461151	-0.49735403060913	50.270579351398	0
2.1960000991821	-0.73380255699158	-0.49087452888489	50.270579351398	0
2.1979999542236	-0.73715436458588	-0.48433914780617	50.270579351398	0
2.2000000476837	-0.74045914411545	-0.47774696350098	50.270579351398	0
2.2019999027252	-0.74371516704559	-0.47109779715538	50.270579351398	0
2.2039999961853	-0.74692159891129	-0.46439072489738	50.270579351398	0
2.2060000896454	-0.75007659196854	-0.45762610435486	50.270579351398	0
2.2079999446869	-0.75317871570587	-0.45080304145813	50.270579351398	0
2.210000038147	-0.75622642040253	-0.44392168521881	50.270579351398	0
2.2119998931885	-0.75921839475632	-0.43698140978813	50.270579351398	0
2.2139999866486	-0.76215296983719	-0.42998203635216	50.270579351398	0
2.2160000801086	-0.76502841711044	-0.42292347550392	50.270579351398	0
2.2179999351501	-0.76784318685532	-0.41580593585968	50.270579351398	0
2.2200000286102	-0.77059525251389	-0.40862926840782	50.270579351398	0
2.2219998836517	-0.77328330278397	-0.40139365196228	50.270579351398	0
2.2239999771118	-0.77590548992157	-0.3940988779068	50.270579351398	0
2.2260000705719	-0.778460085392	-0.38674536347389	50.270579351398	0
2.2279999256134	-0.78094518184662	-0.37933358550072	50.270579351398	0
2.2300000190735	-0.78335916996002	-0.37186348438263	50.270579351398	0
2.2320001125336	-0.78570032119751	-0.36433565616608	50.270579351398	0
2.2339999675751	-0.78796654939651	-0.35675075650215	50.270579351398	0
2.2360000610352	-0.79015642404556	-0.3491088449955	50.270579351398	0
2.2379999160767	-0.79226803779602	-0.34141108393669	50.270579351398	0
2.2400000095367	-0.79429972171783	-0.33365753293037	50.270579351398	0
2.2420001029968	-0.79624974727631	-0.32584926486015	50.270579351398	0
2.2439999580383	-0.79811614751816	-0.31798714399338	50.270579351398	0
2.2460000514984	-0.79989773035049	-0.31007167696953	50.270579351398	0
2.2479999065399	-0.80159229040146	-0.30210408568382	50.270579351398	0
2.25	-0.80319845676422	-0.29408490657806	50.270579351398	0
2.2520000934601	-0.80471456050873	-0.28601539134979	50.270579351398	0
2.2539999485016	-0.80613905191422	-0.27789667248726	50.270579351398	0
2.2560000419617	-0.80747044086456	-0.26972952485085	50.270579351398	0
2.2579998970032	-0.80870699882507	-0.26151528954506	50.270579351398	0
2.2599999904633	-0.80984747409821	-0.25325489044189	50.270579351398	0
2.2620000839233	-0.8108903169632	-0.24494959414005	50.270579351398	0
2.2639999389648	-0.81183403730392	-0.23660086095333	50.270579351398	0
2.2660000324249	-0.8126774430275	-0.22820949554443	50.270579351398	0
2.2679998874664	-0.81341904401779	-0.21977713704109	50.270579351398	0
2.2699999809265	-0.81405764818192	-0.21130461990833	50.270579351398	0
2.2720000743866	-0.81459194421768	-0.20279344916344	50.270579351398	0
2.2739999294281	-0.81502068042755	-0.19424523413181	50.270579351398	0
2.2760000228882	-0.81534266471863	-0.18566066026688	50.270579351398	0
2.2780001163483	-0.81555682420731	-0.17704136669636	50.270579351398	0
2.2799999713898	-0.81566190719604	-0.16838882863522	50.270579351398	0
2.2820000648499	-0.81565678119659	-0.1597039103508	50.270579351398	0
2.2839999198914	-0.81554043292999	-0.15098839998245	50.270579351398	0
2.2860000133514	-0.81531184911728	-0.14224310219288	50.270579351398	0
2.2880001068115	-0.81496995687485	-0.13346947729588	50.270579351398	0
2.289999961853	-0.81451350450516	-0.12466908246279	50.270579351398	0
2.2920000553131	-0.81394171714783	-0.11584275960922	50.270579351398	0
2.2939999103546	-0.81325352191925	-0.10699206590652	50.270579351398	0
2.2960000038147	-0.81244778633118	-0.098117902874947	50.270579351398	0
2.2980000972748	-0.81152361631393	-0.089221686124802	50.270579351398	0
2.2999999523163	-0.81047993898392	-0.080304898321629	50.270579351398	0
2.3020000457764	-0.80931568145752	-0.07136819511652	50.270579351398	0
2.3039999008179	-0.80802977085114	-0.062413215637207	50.270579351398	0
2.305999994278	-0.80662125349045	-0.053440775722265	50.270579351398	0
2.308000087738	-0.80508875846863	-0.04445206746459	50.270579351398	0
2.3099999427795	-0.80343151092529	-0.035448718816042	50.270579351398	0
2.3120000362396	-0.80164808034897	-0.026431165635586	50.270579351398	0
2.3139998912811	-0.79973721504211	-0.017401099205017	50.270579351398	0
2.3159999847412	-0.79769784212112	-0.0083594424650073	50.270579351398	0
2.3180000782013	-0.79552870988846	0.00069271225947887	50.270579351398	0
2.3199999332428	-0.79322820901871	0.0097539089620113	50.270579351398	0
2.3220000267029	-0.79079514741898	0.018823293969035	50.270579351398	0
2.3239998817444	-0.7882279753685	0.02789930999279	50.270579351398	0
2.3259999752045	-0.7855252623558	0.036981146782637	50.270579351398	0
2.3280000686646	-0.78268522024155	0.046067379415035	50.270579351398	0
2.3299999237061	-0.77970641851425	0.055156353861094	50.270579351398	0
2.3320000171661	-0.77658700942993	0.064247272908688	50.270579351398	0
2.3340001106262	-0.77332526445389	0.073338344693184	50.270579351398	0
2.3359999656677	-0.76991933584213	0.082428090274334	50.270579351398	0
2.3380000591278	-0.76636725664139	0.091515347361565	50.270579351398	0
2.3399999141693	-0.76266705989838	0.10059800744057	50.270579351398	0
2.3420000076294	-0.75881683826447	0.10967477411032	50.270579351398	0
2.3440001010895	-0.75481426715851	0.11874365061522	50.270579351398	0
2.345999956131	-0.75065720081329	0.12780268490314	50.270579351398	0
2.3480000495911	-0.74634337425232	0.1368500739336	50.270579351398	0
2.3499999046326	-0.74187058210373	0.14588353037834	50.270579351398	0
2.3519999980927	-0.73723655939102	0.15490081906319	50.270579351398	0
2.3540000915527	-0.73243850469589	0.16389980912209	50.270579351398	0
2.3559999465942	-0.72747445106506	0.17287753522396	50.270579351398	0
2.3580000400543	-0.72234159708023	0.18183162808418	50.270579351398	0
2.3599998950958	-0.71703767776489	0.19075904786587	50.270579351398	0
2.3619999885559	-0.71155977249146	0.19965706765652	50.270579351398	0
2.364000082016	-0.70590567588806	0.20852243900299	50.270579351398	0
2.3659999370575	-0.70007294416428	0.21735139191151	50.270579351398	0
2.3680000305176	-0.69405847787857	0.22614099085331	50.270579351398	0
2.3699998855591	-0.68786019086838	0.23488698899746	50.270579351398	0
2.3719999790192	-0.68147552013397	0.24358586966991	50.270579351398	0
2.3740000724792	-0.67490184307098	0.25223326683044	50.270579351398	0
2.3759999275208	-0.66813683509827	0.26082468032837	50.270579351398	0
2.3780000209808	-0.66117805242538	0.26935586333275	50.270579351398	0
2.3800001144409	-0.6540230512619	0.27782201766968	50.270579351398	0
2.3819999694824	-0.64667016267776	0.28621771931648	50.270579351398	0
2.3840000629425	-0.63911652565002	0.29453834891319	50.270579351398	0
2.385999917984	-0.63136070966721	0.30277797579765	50.270579351398	0
2.3880000114441	-0.62340044975281	0.31093129515648	50.270579351398	0
2.3900001049042	-0.61523419618607	0.31899228692055	50.270579351398	0
2.3919999599457	-0.60686039924622	0.32695481181145	50.270579351398	0
2.3940000534058	-0.59827750921249	0.33481270074844	50.270579351398	0
2.3959999084473	-0.589484333992	0.34255921840668	50.270579351398	0
2.3980000019073	-0.58047997951508	0.35018786787987	50.270579351398	0
2.4000000953674	-0.57126325368881	0.35769161581993	50.270579351398	0
2.4019999504089	-0.56183397769928	0.36506319046021	50.270579351398	0
2.404000043869	-0.5521913766861	0.37229570746422	50.270579351398	0
2.4059998989105	-0.54233580827713	0.37938112020493	50.270579351398	0
2.4079999923706	-0.53226727247238	0.38631212711334	50.270579351398	0
2.4100000858307	-0.52198606729507	0.39308080077171	50.270579351398	0
2.4119999408722	-0.51149314641953	0.39967903494835	50.270579351398	0
2.4140000343323	-0.50078964233398	0.40609893202782	50.270579351398	0
2.4159998893738	-0.4898769557476	0.41233199834824	50.270579351398	0
2.4179999828339	-0.47875660657883	0.41837003827095	50.270579351398	0
2.4200000762939	-0.46743083000183	0.4242045879364	50.270579351398	0
2.4219999313354	-0.45590227842331	0.42982688546181	50.270579351398	0
2.4240000247955	-0.44417351484299	0.43522864580154	50.270579351398	0
2.4260001182556	-0.43224775791168	0.44040113687515	50.270579351398	0
2.4279999732971	-0.42012891173363	0.44533532857895	50.270579351398	0
2.4300000667572	-0.40782070159912	0.45002275705338	50.270579351398	0
2.4319999217987	-0.3953275680542	0.45445477962494	50.270579351398	0
2.4340000152588	-0.38265442848206	0.45862281322479	50.270579351398	0
2.4360001087189	-0.36980643868446	0.46251785755157	50.270579351398	0
2.4379999637604	-0.35678926110268	0.46613153815269	50.270579351398	0
2.4400000572205	-0.3436087667942	0.4694556593895	50.270579351398	0
2.441999912262	-0.33027198910713	0.47248128056526	50.270579351398	0
2.444000005722	-0.31678512692451	0.47520071268082	50.270579351398	0
2.4460000991821	-0.30315610766411	0.47760561108589	50.270579351398	0
2.4479999542236	-0.28939262032509	0.47968792915344	50.270579351398	0
2.4500000476837	-0.27550241351128	0.48144033551216	50.270579351398	0
2.4519999027252	-0.26149475574493	0.48285496234894	50.270579351398	0
2.4539999961853	-0.24737800657749	0.48392480611801	50.270579351398	0
2.4560000896454	-0.23316170275211	0.48464286327362	50.270579351398	0
2.4579999446869	-0.21885603666306	0.48500227928162	50.270579351398	0
2.460000038147	-0.20447064936161	0.4849967956543	50.270579351398	0
2.4619998931885	-0.19001659750938	0.48462036252022	50.270579351398	0
2.4639999866486	-0.17550426721573	0.48386722803116	50.270579351398	0
2.4660000801086	-0.16094523668289	0.48273211717606	50.270579351398	0
2.4679999351501	-0.14635127782822	0.48120999336243	50.270579351398	0
2.4700000286102	-0.13173374533653	0.4792965054512	50.270579351398	0
2.4719998836517	-0.11710521578789	0.4769874215126	50.270579351398	0
2.4739999771118	-0.10247798264027	0.47427904605865	50.270579351398	0
2.4760000705719	-0.08786491304636	0.47116836905479	50.270579351398	0
2.4779999256134	-0.073279023170471	0.46765252947807	50.270579351398	0
2.4800000190735	-0.058733426034451	0.46372947096825	50.270579351398	0
2.4820001125336	-0.044241473078728	0.459397315979	50.270579351398	0
2.4839999675751	-0.029816938564181	0.45465505123138	50.270579351398	0
2.4860000610352	-0.015473355539143	0.44950205087662	50.270579351398	0
2.4879999160767	-0.0012246783589944	0.44393819570541	50.270579351398	0
2.4900000095367	0.01291517727077	0.43796390295029	50.270579351398	0
2.4920001029968	0.026932066306472	0.43158033490181	50.270579351398	0
2.4939999580383	0.04081192985177	0.42478901147842	50.270579351398	0
2.4960000514984	0.054540604352951	0.41759210824966	50.270579351398	0
2.4979999065399	0.068104207515717	0.4099925160408	50.270579351398	0
2.5	0.081488326191902	0.40199348330498	50.270579351398	0
2.5020000934601	0.094679288566113	0.39359906315804	50.270579351398	0
2.5039999485016	0.1076628267765	0.38481372594833	50.270579351398	0
2.5060000419617	0.12042520195246	0.375642567873	50.270579351398	0
2.5079998970032	0.13295285403728	0.36609137058258	50.270579351398	0
2.5099999904633	0.14523223042488	0.35616636276245	50.270579351398	0
2.5120000839233	0.15724994242191	0.34587436914444	50.270579351398	0
2.5139999389648	0.16899275779724	0.33522292971611	50.270579351398	0
2.5160000324249	0.18044812977314	0.32421985268593	50.270579351398	0
2.5179998874664	0.19160327315331	0.31287378072739	50.270579351398	0
2.5199999809265	0.20244616270065	0.30119371414185	50.270579351398	0
2.5220000743866	0.21296469867229	0.28918921947479	50.270579351398	0
2.5239999294281	0.22314727306366	0.27687048912048	50.270579351398	0
2.5260000228882	0.23298285901546	0.26424792408943	50.270579351398	0
2.5280001163483	0.24246053397655	0.25133267045021	50.270579351398	0
2.5299999713898	0.25157001614571	0.23813629150391	50.270579351398	0
2.5320000648499	0.26030144095421	0.22467057406902	50.270579351398	0
2.5339999198914	0.26864525675774	0.21094797551632	50.270579351398	0
2.5360000133514	0.27659270167351	0.196981087327	50.270579351398	0
2.5380001068115	0.28413519263268	0.18278323113918	50.270579351398	0
2.539999961853	0.29126486182213	0.16836778819561	50.270579351398	0
2.5420000553131	0.29797434806824	0.15374845266342	50.270579351398	0
2.5439999103546	0.30425682663918	0.13893942534924	50.270579351398	0
2.5460000038147	0.31010612845421	0.12395504117012	50.270579351398	0
2.5480000972748	0.31551653146744	0.10880970209837	50.270579351398	0
2.5499999523163	0.32048293948174	0.093518614768982	50.270579351398	0
2.5520000457764	0.325001090765	0.078096315264702	50.270579351398	0
2.5539999008179	0.32906693220139	0.062558270990849	50.270579351398	0
2.555999994278	0.33267733454704	0.04691955447197	50.270579351398	0
2.558000087738	0.3358296751976	0.031195735558867	50.270579351398	0
2.5599999427795	0.33852195739746	0.01540217641741	50.270579351398	0
2.5620000362396	0.34075284004211	-0.00044562111725099	50.270579351398	0
2.5639998912811	0.34252160787582	-0.016332108527422	50.270579351398	0
2.5659999847412	0.34382811188698	-0.032241884618998	50.270579351398	0
2.5680000782013	0.34467303752899	-0.048159394413233	50.270579351398	0
2.5699999332428	0.3450573682785	-0.064069256186485	50.270579351398	0
2.5720000267029	0.34498286247253	-0.079956330358982	50.270579351398	0
2.5739998817444	0.34445199370384	-0.095805197954178	50.270579351398	0
2.5759999752045	0.34346768260002	-0.11160126328468	50.270579351398	0
2.5780000686646	0.3420332968235	-0.12732960283756	50.270579351398	0
2.5799999237061	0.34015333652496	-0.14297536015511	50.270579351398	0
2.5820000171661	0.33783221244812	-0.15852449834347	50.270579351398	0
2.5840001106262	0.33507513999939	-0.173962906003	50.270579351398	0
2.5859999656677	0.33188810944557	-0.18927654623985	50.270579351398	0
2.5880000591278	0.32827731966972	-0.20445221662521	50.270579351398	0
2.5899999141693	0.32424947619438	-0.2194766998291	50.270579351398	0
2.5920000076294	0.31981191039085	-0.23433721065521	50.270579351398	0
2.5940001010895	0.31497228145599	-0.24902126193047	50.270579351398	0
2.595999956131	0.30973896384239	-0.26351681351662	50.270579351398	0
2.5980000495911	0.30412039160728	-0.27781236171722	50.270579351398	0
2.5999999046326	0.298125654459	-0.2918966114521	50.270579351398	0
2.6019999980927	0.29176393151283	-0.30575901269913	50.270579351398	0
2.6040000915527	0.28504523634911	-0.31938907504082	50.270579351398	0
2.6059999465942	0.27797943353653	-0.33277705311775	50.270579351398	0
2.6080000400543	0.27057680487633	-0.34591373801231	50.270579351398	0
2.6099998950958	0.26284816861153	-0.3587900698185	50.270579351398	0
2.6119999885559	0.25480425357819	-0.37139797210693	50.270579351398	0
2.614000082016	0.24645617604256	-0.38372948765755	50.270579351398	0
2.6159999370575	0.23781535029411	-0.39577722549438	50.270579351398	0
2.6180000305176	0.22889316082001	-0.40753450989723	50.270579351398	0
2.6199998855591	0.21970137953758	-0.4189949631691	50.270579351398	0
2.6219999790192	0.21025137603283	-0.43015304207802	50.270579351398	0
2.6240000724792	0.20055538415909	-0.44100338220596	50.270579351398	0
2.6259999275208	0.19062538444996	-0.45154112577438	50.270579351398	0
2.6280000209808	0.18047291040421	-0.46176236867905	50.270579351398	0
2.6300001144409	0.1701103001833	-0.47166320681572	50.270579351398	0
2.6319999694824	0.15954947471619	-0.48124068975449	50.270579351398	0
2.6340000629425	0.14880232512951	-0.49049210548401	50.270579351398	0
2.635999917984	0.1378808170557	-0.49941518902779	50.270579351398	0
2.6380000114441	0.12679673731327	-0.50800836086273	50.270579351398	0
2.6400001049042	0.1155618429184	-0.51627051830292	50.270579351398	0
2.6419999599457	0.10418777912855	-0.52420079708099	50.270579351398	0
2.6440000534058	0.092686079442501	-0.53179895877838	50.270579351398	0
2.6459999084473	0.081068143248558	-0.5390653014183	50.270579351398	0
2.6480000019073	0.069344893097878	-0.54600036144257	50.270579351398	0
2.6500000953674	0.05752731487155	-0.55260521173477	50.270579351398	0
2.6519999504089	0.045626379549503	-0.55888122320175	50.270579351398	0
2.654000043869	0.033652756363153	-0.56483024358749	50.270579351398	0
2.6559998989105	0.021616218611598	-0.57045459747314	50.270579351398	0
2.6579999923706	0.0095271039754152	-0.57575660943985	50.270579351398	0
2.6600000858307	-0.0026047094725072	-0.58073925971985	50.270579351398	0
2.6619999408722	-0.0147695671767	-0.58540576696396	50.270579351398	0
2.6640000343323	-0.026958931237459	-0.58975970745087	50.270579351398	0
2.6659998893738	-0.039163034409285	-0.5938047170639	50.270579351398	0
2.6679999828339	-0.051373984664679	-0.59754490852356	50.270579351398	0
2.6700000762939	-0.063582956790924	-0.60098451375961	50.270579351398	0
2.6719999313354	-0.075782261788845	-0.60412806272507	50.270579351398	0
2.6740000247955	-0.087964132428169	-0.6069803237915	50.270579351398	0
2.6760001182556	-0.10012117773294	-0.60954600572586	50.270579351398	0
2.6779999732971	-0.11224646121264	-0.61183041334152	50.270579351398	0
2.6800000667572	-0.12433331459761	-0.61383873224258	50.270579351398	0
2.6819999217987	-0.13637524843216	-0.61557620763779	50.270579351398	0
2.6840000152588	-0.14836625754833	-0.61704820394516	50.270579351398	0
2.6860001087189	-0.16030097007751	-0.61826050281525	50.270579351398	0
2.6879999637604	-0.17217348515987	-0.61921858787537	50.270579351398	0
2.6900000572205	-0.18397909402847	-0.61992812156677	50.270579351398	0
2.691999912262	-0.19571277499199	-0.62039488554001	50.270579351398	0
2.694000005722	-0.20737041532993	-0.62062454223633	50.270579351398	0
2.6960000991821	-0.21894788742065	-0.62062299251556	50.270579351398	0
2.6979999542236	-0.23044107854366	-0.62039595842361	50.270579351398	0
2.7000000476837	-0.24184665083885	-0.61994910240173	50.270579351398	0
2.7019999027252	-0.25316116213799	-0.61928820610046	50.270579351398	0
2.7039999961853	-0.26438194513321	-0.61841881275177	50.270579351398	0
2.7060000896454	-0.27550619840622	-0.6173467040062	50.270579351398	0
2.7079999446869	-0.28653118014336	-0.6160774230957	50.270579351398	0
2.710000038147	-0.2974551320076	-0.61461621522903	50.270579351398	0
2.7119998931885	-0.30827555060387	-0.61296880245209	50.270579351398	0
2.7139999866486	-0.31899109482765	-0.61114013195038	50.270579351398	0
2.7160000801086	-0.3296000957489	-0.60913550853729	50.270579351398	0
2.7179999351501	-0.34010112285614	-0.60695999860764	50.270579351398	0
2.7200000286102	-0.35049325227737	-0.60461860895157	50.270579351398	0
2.7219998836517	-0.36077523231506	-0.60211622714996	50.270579351398	0
2.7239999771118	-0.37094658613205	-0.59945738315582	50.270579351398	0
2.7260000705719	-0.38100638985634	-0.59664660692215	50.270579351398	0
2.7279999256134	-0.39095398783684	-0.59368854761124	50.270579351398	0
2.7300000190735	-0.40078952908516	-0.59058737754822	50.270579351398	0
2.7320001125336	-0.41051241755486	-0.58734732866287	50.270579351398	0
2.7339999675751	-0.42012241482735	-0.5839723944664	50.270579351398	0
2.7360000610352	-0.42961969971657	-0.58046633005142	50.270579351398	0
2.7379999160767	-0.43900418281555	-0.57683300971985	50.270579351398	0
2.7400000095367	-0.44827616214752	-0.57307600975037	50.270579351398	0
2.7420001029968	-0.45743557810783	-0.56919878721237	50.270579351398	0
2.7439999580383	-0.46648260951042	-0.56520473957062	50.270579351398	0
2.7460000514984	-0.4754179418087	-0.56109684705734	50.270579351398	0
2.7479999065399	-0.48424166440964	-0.55687862634659	50.270579351398	0
2.75	-0.49295416474342	-0.55255252122879	50.270579351398	0
2.7520000934601	-0.50155586004257	-0.54812157154083	50.270579351398	0
2.7539999485016	-0.51004701852798	-0.54358869791031	50.270579351398	0
2.7560000419617	-0.5184280872345	-0.53895610570908	50.270579351398	0
2.7579998970032	-0.52669954299927	-0.53422665596008	50.270579351398	0
2.7599999904633	-0.53486210107803	-0.52940249443054	50.270579351398	0
2.7620000839233	-0.54291558265686	-0.52448600530624	50.270579351398	0
2.7639999389648	-0.55086076259613	-0.51947957277298	50.270579351398	0
2.7660000324249	-0.55869799852371	-0.51438498497009	50.270579351398	0
2.7679998874664	-0.56642729043961	-0.50920468568802	50.270579351398	0
2.7699999809265	-0.57404947280884	-0.50394028425217	50.270579351398	0
2.7720000743866	-0.5815646648407	-0.49859398603439	50.270579351398	0
2.7739999294281	-0.58897292613983	-0.49316772818565	50.270579351398	0
2.7760000228882	-0.59627479314804	-0.48766300082207	50.270579351398	0
2.7780001163483	-0.60347044467926	-0.48208183050156	50.270579351398	0
2.7799999713898	-0.61055982112885	-0.47642594575882	50.270579351398	0
2.7820000648499	-0.61754357814789	-0.47069689631462	50.270579351398	0
2.7839999198914	-0.62442129850388	-0.46489667892456	50.270579351398	0
2.7860000133514	-0.63119333982468	-0.45902651548386	50.270579351398	0
2.7880001068115	-0.63786000013351	-0.45308798551559	50.270579351398	0
2.789999961853	-0.64442068338394	-0.44708353281021	50.270579351398	0
2.7920000553131	-0.65087616443634	-0.44101375341415	50.270579351398	0
2.7939999103546	-0.65722590684891	-0.43488106131554	50.270579351398	0
2.7960000038147	-0.66347020864487	-0.42868658900261	50.270579351398	0
2.7980000972748	-0.66960924863815	-0.4224317073822	50.270579351398	0
2.7999999523163	-0.67564219236374	-0.41611909866333	50.270579351398	0
2.8020000457764	-0.68156969547272	-0.40974953770638	50.270579351398	0
2.8039999008179	-0.68739151954651	-0.40332463383675	50.270579351398	0
2.805999994278	-0.69310760498047	-0.39684629440308	50.270579351398	0
2.808000087738	-0.69871777296066	-0.39031627774239	50.270579351398	0
2.8099999427795	-0.70422214269638	-0.38373604416847	50.270579351398	0
2.8120000362396	-0.70962059497833	-0.3771076798439	50.270579351398	0
2.8139998912811	-0.71491312980652	-0.37043243646622	50.270579351398	0
2.8159999847412	-0.72009986639023	-0.36371207237244	50.270579351398	0
2.8180000782013	-0.72518050670624	-0.35694882273674	50.270579351398	0
2.8199999332428	-0.73015522956848	-0.35014420747757	50.270579351398	0
2.8220000267029	-0.73502427339554	-0.34329986572266	50.270579351398	0
2.8239998817444	-0.73978751897812	-0.33641791343689	50.270579351398	0
2.8259999752045	-0.74444526433945	-0.32949981093407	50.270579351398	0
2.8280000686646	-0.74899756908417	-0.32254761457443	50.270579351398	0
2.8299999237061	-0.75344455242157	-0.31556326150894	50.270579351398	0
2.8320000171661	-0.75778675079346	-0.30854830145836	50.270579351398	0
2.8340001106262	-0.76202428340912	-0.30150479078293	50.270579351398	0
2.8359999656677	-0.76615744829178	-0.29443472623825	50.270579351398	0
2.8380000591278	-0.77018672227859	-0.28733959794044	50.270579351398	0
2.8399999141693	-0.77411246299744	-0.28022164106369	50.270579351398	0
2.8420000076294	-0.77793526649475	-0.27308228611946	50.270579351398	0
2.8440001010895	-0.78165572881699	-0.26592355966568	50.270579351398	0
2.845999956131	-0.78527420759201	-0.25874745845795	50.270579351398	0
2.8480000495911	-0.78879171609879	-0.25155538320541	50.270579351398	0
2.8499999046326	-0.79220855236053	-0.24434952437878	50.270579351398	0
2.8519999980927	-0.79552584886551	-0.23713117837906	50.270579351398	0
2.8540000915527	-0.79874420166016	-0.22990223765373	50.270579351398	0
2.8559999465942	-0.80186462402344	-0.22266462445259	50.270579351398	0
2.8580000400543	-0.80488783121109	-0.21541954576969	50.270579351398	0
2.8599998950958	-0.80781489610672	-0.2081690132618	50.270579351398	0
2.8619999885559	-0.81064689159393	-0.20091415941715	50.270579351398	0
2.864000082016	-0.81338465213776	-0.19365665316582	50.270579351398	0
2.8659999370575	-0.81602954864502	-0.18639822304249	50.270579351398	0
2.8680000305176	-0.81858265399933	-0.179139778018	50.270579351398	0
2.8699998855591	-0.82104498147964	-0.17188310623169	50.270579351398	0
2.8719999790192	-0.82341784238815	-0.16462908685207	50.270579351398	0
2.8740000724792	-0.82570254802704	-0.15737910568714	50.270579351398	0
2.8759999275208	-0.82790011167526	-0.15013454854488	50.270579351398	0
2.8780000209808	-0.8300119638443	-0.14289611577988	50.270579351398	0
2.8800001144409	-0.83203941583633	-0.13566499948502	50.270579351398	0
2.8819999694824	-0.83398377895355	-0.12844237685204	50.270579351398	0
2.8840000629425	-0.83584636449814	-0.12122875452042	50.270579351398	0
2.885999917984	-0.83762842416763	-0.11402533203363	50.270579351398	0
2.8880000114441	-0.83933132886887	-0.10683248192072	50.270579351398	0
2.8900001049042	-0.84095638990402	-0.09965106844902	50.270579351398	0
2.8919999599457	-0.84250491857529	-0.092481963336468	50.270579351398	0
2.8940000534058	-0.84397828578949	-0.085325248539448	50.270579351398	0
2.8959999084473	-0.84537774324417	-0.078181877732277	50.270579351398	0
2.8980000019073	-0.84670454263687	-0.071051821112633	50.270579351398	0
2.9000000953674	-0.84796005487442	-0.063935667276382	50.270579351398	0
2.9019999504089	-0.84914535284042	-0.056833926588297	50.270579351398	0
2.904000043869	-0.85026168823242	-0.049746405333281	50.270579351398	0
2.9059998989105	-0.85131031274796	-0.042673744261265	50.270579351398	0
2.9079999923706	-0.85229218006134	-0.035615608096123	50.270579351398	0
2.9100000858307	-0.85320848226547	-0.028572319075465	50.270579351398	0
2.9119999408722	-0.85406017303467	-0.021544128656387	50.270579351398	0
2.9140000343323	-0.85484832525253	-0.014530587010086	50.270579351398	0
2.9159998893738	-0.85557401180267	-0.0075320885516703	50.270579351398	0
2.9179999828339	-0.85623788833618	-0.00054808933055028	50.270579351398	0
2.9200000762939	-0.85684102773666	0.0064212814904749	50.270579351398	0
2.9219999313354	-0.85738408565521	0.013375968672335	50.270579351398	0
2.9240000247955	-0.85786777734756	0.020316576585174	50.270579351398	0
2.9260001182556	-0.85829305648804	0.02724309079349	50.270579351398	0
2.9279999732971	-0.8586602807045	0.034155484288931	50.270579351398	0
2.9300000667572	-0.85896998643875	0.041054423898458	50.270579351398	0
2.9319999217987	-0.85922294855118	0.047939702868462	50.270579351398	0
2.9340000152588	-0.85941952466965	0.054811999201775	50.270579351398	0
2.9360001087189	-0.85956019163132	0.061671327799559	50.270579351398	0
2.9379999637604	-0.85964506864548	0.068517677485943	50.270579351398	0
2.9400000572205	-0.85967475175858	0.075351737439632	50.270579351398	0
2.941999912262	-0.85964941978455	0.082173265516758	50.270579351398	0
2.944000005722	-0.85956907272339	0.08898288756609	50.270579351398	0
2.9460000991821	-0.85943418741226	0.095780588686466	50.270579351398	0
2.9479999542236	-0.85924476385117	0.10256627202034	50.270579351398	0
2.9500000476837	-0.8590008020401	0.10934052616358	50.270579351398	0
2.9519999027252	-0.85870236158371	0.11610299348831	50.270579351398	0
2.9539999961853	-0.85834944248199	0.12285419553518	50.270579351398	0
2.9560000896454	-0.8579421043396	0.12959395349026	50.270579351398	0
2.9579999446869	-0.85748010873795	0.13632202148438	50.270579351398	0
2.960000038147	-0.85696351528168	0.14303880929947	50.270579351398	0
2.9619998931885	-0.85639220476151	0.14974381029606	50.270579351398	0
2.9639999866486	-0.85576581954956	0.15643733739853	50.270579351398	0
2.9660000801086	-0.85508453845978	0.16311901807785	50.270579351398	0
2.9679999351501	-0.854347884655	0.16978837549686	50.270579351398	0
2.9700000286102	-0.85355591773987	0.17644569277763	50.270579351398	0
2.9719998836517	-0.85270833969116	0.18309015035629	50.270579351398	0
2.9739999771118	-0.85180497169495	0.18972188234329	50.270579351398	0
2.9760000705719	-0.85084569454193	0.19634030759335	50.270579351398	0
2.9779999256134	-0.84983032941818	0.20294474065304	50.270579351398	0
2.9800000190735	-0.84875863790512	0.20953519642353	50.270579351398	0
2.9820001125336	-0.84763067960739	0.21611094474792	50.270579351398	0
2.9839999675751	-0.84644621610641	0.22267118096352	50.270579351398	0
2.9860000610352	-0.84520494937897	0.22921578586102	50.270579351398	0
2.9879999160767	-0.84390705823898	0.23574368655682	50.270579351398	0
2.9900000095367	-0.84255230426788	0.24225467443466	50.270579351398	0
2.9920001029968	-0.8411408662796	0.24874787032604	50.270579351398	0
2.9939999580383	-0.83967274427414	0.25522232055664	50.270579351398	0
2.9960000514984	-0.83814769983292	0.26167771220207	50.270579351398	0
2.9979999065399	-0.83656626939774	0.2681128680706	50.270579351398	0
3	-0.83492815494537	0.27452746033669	50.270579351398	0
3.0020000934601	-0.83323377370834	0.28092041611671	50.270579351398	0
3.0039999485016	-0.83148324489594	0.28729075193405	50.270579351398	0
3.0060000419617	-0.82967674732208	0.29363808035851	50.270579351398	0
3.0079998970032	-0.82781481742859	0.29996117949486	50.270579351398	0
3.0099999904633	-0.82589763402939	0.30625960230827	50.270579351398	0
3.0120000839233	-0.82392555475235	0.31253233551979	50.270579351398	0
3.0139999389648	-0.82189905643463	0.31877833604813	50.270579351398	0
3.0160000324249	-0.81981861591339	0.32499724626541	50.270579351398	0
3.0179998874664	-0.81768488883972	0.33118781447411	50.270579351398	0
3.0199999809265	-0.81549823284149	0.33734974265099	50.270579351398	0
3.0220000743866	-0.81325936317444	0.34348201751709	50.270579351398	0
3.0239999294281	-0.81096905469894	0.34958371520042	50.270579351398	0
3.0260000228882	-0.80862772464752	0.35565447807312	50.270579351398	0
3.0280001163483	-0.8062362074852	0.3616935312748	50.270579351398	0
3.0299999713898	-0.80379545688629	0.36769995093346	50.270579351398	0
3.0320000648499	-0.8013060092926	0.37367361783981	50.270579351398	0
3.0339999198914	-0.79876899719238	0.37961348891258	50.270579351398	0
3.0360000133514	-0.79618483781815	0.38551944494247	50.270579351398	0
3.0380001068115	-0.79355484247208	0.3913908302784	50.270579351398	0
3.039999961853	-0.79087966680527	0.39722701907158	50.270579351398	0
3.0420000553131	-0.78816032409668	0.4030279815197	50.270579351398	0
3.0439999103546	-0.78539782762527	0.4087929725647	50.270579351398	0
3.0460000038147	-0.78259289264679	0.41452211141586	50.270579351398	0
3.0480000972748	-0.77974653244019	0.42021498084068	50.270579351398	0
3.0499999523163	-0.77685993909836	0.42587113380432	50.270579351398	0
3.0520000457764	-0.77393382787704	0.43149089813232	50.270579351398	0
3.0539999008179	-0.77096927165985	0.43707370758057	50.270579351398	0
3.055999994278	-0.76796704530716	0.44261994957924	50.270579351398	0
3.058000087738	-0.76492828130722	0.44812947511673	50.270579351398	0
3.0599999427795	-0.76185381412506	0.4536021053791	50.270579351398	0
3.0620000362396	-0.75874441862106	0.45903837680817	50.270579351398	0
3.0639998912811	-0.75560128688812	0.46443796157837	50.270579351398	0
3.0659999847412	-0.75242501497269	0.46980157494545	50.270579351398	0
3.0680000782013	-0.74921637773514	0.47512921690941	50.270579351398	0
3.0699999332428	-0.74597638845444	0.48042088747025	50.270579351398	0
3.0720000267029	-0.74270552396774	0.48567742109299	50.270579351398	0
3.0739998817444	-0.73940485715866	0.49089875817299	50.270579351398	0
3.0759999752045	-0.73607474565506	0.49608567357063	50.270579351398	0
3.0780000686646	-0.73271584510803	0.50123834609985	50.270579351398	0
3.0799999237061	-0.72932904958725	0.50635707378387	50.270579351398	0
3.0820000171661	-0.72591453790665	0.51144272089005	50.270579351398	0
3.0840001106262	-0.72247290611267	0.51649552583694	50.270579351398	0
3.0859999656677	-0.71900469064713	0.52151590585709	50.270579351398	0
3.0880000591278	-0.71551012992859	0.52650457620621	50.270579351398	0
3.0899999141693	-0.71198982000351	0.53146195411682	50.270579351398	0
3.0920000076294	-0.70844382047653	0.53638875484467	50.270579351398	0
3.0940001010895	-0.70487236976624	0.54128539562225	50.270579351398	0
3.095999956131	-0.70127582550049	0.54615211486816	50.270579351398	0
3.0980000495911	-0.69765418767929	0.550989985466	50.270579351398	0
3.0999999046326	-0.69400751590729	0.55579894781113	50.270579351398	0
3.1019999980927	-0.69033581018448	0.56057995557785	50.270579351398	0
3.1040000915527	-0.68663907051086	0.56533324718475	50.270579351398	0
3.1059999465942	-0.68291765451431	0.57005929946899	50.270579351398	0
3.1080000400543	-0.6791707277298	0.57475864887238	50.270579351398	0
3.1099998950958	-0.67539876699448	0.57943147420883	50.270579351398	0
3.1119999885559	-0.67160111665726	0.58407837152481	50.270579351398	0
3.114000082016	-0.66777777671814	0.58869969844818	50.270579351398	0
3.1159999370575	-0.66392850875854	0.59329533576965	50.270579351398	0
3.1180000305176	-0.6600529551506	0.59786605834961	50.270579351398	0
3.1199998855591	-0.65615087747574	0.60241162776947	50.270579351398	0
3.1219999790192	-0.65222173929214	0.60693258047104	50.270579351398	0
3.1240000724792	-0.64826536178589	0.61142897605896	50.270579351398	0
3.1259999275208	-0.64428144693375	0.61590051651001	50.270579351398	0
3.1280000209808	-0.64026921987534	0.62034755945206	50.270579351398	0
3.1300001144409	-0.63622850179672	0.62477016448975	50.270579351398	0
3.1319999694824	-0.63215911388397	0.62916779518127	50.270579351398	0
3.1340000629425	-0.6280602812767	0.63354080915451	50.270579351398	0
3.135999917984	-0.62393182516098	0.63788866996765	50.270579351398	0
3.1380000114441	-0.61977291107178	0.64221131801605	50.270579351398	0
3.1400001049042	-0.61558377742767	0.64650857448578	50.270579351398	0
3.1419999599457	-0.61136358976364	0.65077966451645	50.270579351398	0
3.1440000534058	-0.60711228847504	0.65502470731735	50.270579351398	0
3.1459999084473	-0.60282933712006	0.65924286842346	50.270579351398	0
3.1480000019073	-0.59851425886154	0.66343396902084	50.270579351398	0
3.1500000953674	-0.59416723251343	0.66759753227234	50.270579351398	0
3.1519999504089	-0.58978772163391	0.67173260450363	50.270579351398	0
3.154000043869	-0.58537530899048	0.67583894729614	50.270579351398	0
3.1559998989105	-0.580930352211	0.67991560697556	50.270579351398	0
3.1579999923706	-0.57645219564438	0.68396240472794	50.270579351398	0
3.1600000858307	-0.5719410777092	0.68797826766968	50.270579351398	0
3.1619999408722	-0.56739711761475	0.69196248054504	50.270579351398	0
3.1640000343323	-0.56281954050064	0.69591438770294	50.270579351398	0
3.1659998893738	-0.55820941925049	0.69983321428299	50.270579351398	0
3.1679999828339	-0.55356603860855	0.70371836423874	50.270579351398	0
3.1700000762939	-0.54888993501663	0.70756888389587	50.270579351398	0
3.1719999313354	-0.54418152570724	0.71138387918472	50.270579351398	0
3.1740000247955	-0.53944057226181	0.71516275405884	50.270579351398	0
3.1760001182556	-0.53466773033142	0.71890467405319	50.270579351398	0
3.1779999732971	-0.52986353635788	0.72260868549347	50.270579351398	0
3.1800000667572	-0.5250278711319	0.7262744307518	50.270579351398	0
3.1819999217987	-0.52016186714172	0.72990071773529	50.270579351398	0
3.1840000152588	-0.51526540517807	0.73348712921143	50.270579351398	0
3.1860001087189	-0.51033943891525	0.73703294992447	50.270579351398	0
3.1879999637604	-0.5053848028183	0.74053710699081	50.270579351398	0
3.1900000572205	-0.50040173530579	0.74399954080582	50.270579351398	0
3.191999912262	-0.49539145827293	0.74741905927658	50.270579351398	0
3.194000005722	-0.49035421013832	0.75079560279846	50.270579351398	0
3.1960000991821	-0.48529088497162	0.75412839651108	50.270579351398	0
3.1979999542236	-0.48020285367966	0.75741684436798	50.270579351398	0
3.2000000476837	-0.47509032487869	0.76066076755524	50.270579351398	0
3.2019999027252	-0.46995463967323	0.76385951042175	50.270579351398	0
3.2039999961853	-0.46479645371437	0.76701295375824	50.270579351398	0
3.2060000896454	-0.45961666107178	0.77012079954147	50.270579351398	0
3.2079999446869	-0.45441669225693	0.77318263053894	50.270579351398	0
3.210000038147	-0.4491970539093	0.77619850635529	50.270579351398	0
3.2119998931885	-0.44395881891251	0.779168009758	50.270579351398	0
3.2139999866486	-0.43870291113853	0.78209143877029	50.270579351398	0
3.2160000801086	-0.43343058228493	0.78496879339218	50.270579351398	0
3.2179999351501	-0.42814263701439	0.78779965639114	50.270579351398	0
3.2200000286102	-0.42283999919891	0.79058480262756	50.270579351398	0
3.2219998836517	-0.41752377152443	0.79332399368286	50.270579351398	0
3.2239999771118	-0.41219452023506	0.79601758718491	50.270579351398	0
3.2260000705719	-0.406853556633	0.79866582155228	50.270579351398	0
3.2279999256134	-0.40150171518326	0.80126911401749	50.270579351398	0
3.2300000190735	-0.39613953232765	0.8038278222084	50.270579351398	0
3.2320001125336	-0.39076799154282	0.80634236335754	50.270579351398	0
3.2339999675751	-0.38538828492165	0.80881327390671	50.270579351398	0
3.2360000610352	-0.38000017404556	0.8112410902977	50.270579351398	0
3.2379999160767	-0.37460538744926	0.81362634897232	50.270579351398	0
3.2400000095367	-0.36920371651649	0.81596970558167	50.270579351398	0
3.2420001029968	-0.36379623413086	0.81827193498611	50.270579351398	0
3.2439999580383	-0.35838347673416	0.82053333520889	50.270579351398	0
3.2460000514984	-0.35296574234962	0.82275491952896	50.270579351398	0
3.2479999065399	-0.3475433588028	0.82493722438812	50.270579351398	0
3.25	-0.34211686253548	0.82708114385605	50.270579351398	0
3.2520000934601	-0.33668628334999	0.82918733358383	50.270579351398	0
3.2539999485016	-0.33125230669975	0.83125644922256	50.270579351398	0
3.2560000419617	-0.32581457495689	0.83328950405121	50.270579351398	0
3.2579998970032	-0.32037359476089	0.83528679609299	50.270579351398	0
3.2599999904633	-0.31492909789085	0.8372495174408	50.270579351398	0
3.2620000839233	-0.30948117375374	0.83917826414108	50.270579351398	0
3.2639999389648	-0.30403009057045	0.84107357263565	50.270579351398	0
3.2660000324249	-0.29857483506203	0.84293621778488	50.270579351398	0
3.2679998874664	-0.29311630129814	0.84476691484451	50.270579351398	0
3.2699999809265	-0.28765326738358	0.84656620025635	50.270579351398	0
3.2720000743866	-0.28218573331833	0.84833496809006	50.270579351398	0
3.2739999294281	-0.27671390771866	0.850073158741	50.270579351398	0
3.2760000228882	-0.27123698592186	0.8517814874649	50.270579351398	0
3.2780001163483	-0.26575362682343	0.85346078872681	50.270579351398	0
3.2799999713898	-0.26026511192322	0.85511100292206	50.270579351398	0
3.2820000648499	-0.25476911664009	0.8567328453064	50.270579351398	0
3.2839999198914	-0.24926659464836	0.85832625627518	50.270579351398	0
3.2860000133514	-0.2437559813261	0.85989171266556	50.270579351398	0
3.2880001068115	-0.23823706805706	0.86142921447754	50.270579351398	0
3.289999961853	-0.23270864784718	0.86293911933899	50.270579351398	0
3.2920000553131	-0.22717115283012	0.86442106962204	50.270579351398	0
3.2939999103546	-0.22162370383739	0.86587524414062	50.270579351398	0
3.2960000038147	-0.21606433391571	0.86730170249939	50.270579351398	0
3.2980000972748	-0.21049365401268	0.86870008707047	50.270579351398	0
3.2999999523163	-0.20491106808186	0.87007009983063	50.270579351398	0
3.3020000457764	-0.19931498169899	0.87141168117523	50.270579351398	0
3.3039999008179	-0.19370611011982	0.87272417545319	50.270579351398	0
3.305999994278	-0.18808296322823	0.87400734424591	50.270579351398	0
3.308000087738	-0.18244478106499	0.87526071071625	50.270579351398	0
3.3099999427795	-0.17679178714752	0.8764836192131	50.270579351398	0
3.3120000362396	-0.17112323641777	0.87767541408539	50.270579351398	0
3.3139998912811	-0.16543866693974	0.8788355588913	50.270579351398	0
3.3159999847412	-0.15973781049252	0.8799632191658	50.270579351398	0
3.3180000782013	-0.15401992201805	0.88105779886246	50.270579351398	0
3.3199999332428	-0.14828449487686	0.88211834430695	50.270579351398	0
3.3220000267029	-0.14253205060959	0.8831439614296	50.270579351398	0
3.3239998817444	-0.13676266372204	0.88413387537003	50.270579351398	0
3.3259999752045	-0.13097551465034	0.88508695363998	50.270579351398	0
3.3280000686646	-0.12517020106316	0.88600265979767	50.270579351398	0
3.3299999237061	-0.11934827268124	0.88687950372696	50.270579351398	0
3.3320000171661	-0.11350826919079	0.88771688938141	50.270579351398	0
3.3340001106262	-0.10765098780394	0.88851368427277	50.270579351398	0
3.3359999656677	-0.10177677869797	0.88926887512207	50.270579351398	0
3.3380000591278	-0.095886014401913	0.88998156785965	50.270579351398	0
3.3399999141693	-0.0899792984128	0.89065062999725	50.270579351398	0
3.3420000076294	-0.084056437015533	0.89127516746521	50.270579351398	0
3.3440001010895	-0.078118041157722	0.89185398817062	50.270579351398	0
3.345999956131	-0.072165668010712	0.89238655567169	50.270579351398	0
3.3480000495911	-0.0661990493536	0.89287173748016	50.270579351398	0
3.3499999046326	-0.060219828039408	0.8933088183403	50.270579351398	0
3.3519999980927	-0.05422792211175	0.89369678497314	50.270579351398	0
3.3540000915527	-0.048224724829197	0.89403474330902	50.270579351398	0
3.3559999465942	-0.042211432009935	0.89432233572006	50.270579351398	0
3.3580000400543	-0.03618823364377	0.89455842971802	50.270579351398	0
3.3599998950958	-0.030157094821334	0.89474278688431	50.270579351398	0
3.3619999885559	-0.024118568748236	0.89487487077713	50.270579351398	0
3.364000082016	-0.018073888495564	0.8949539065361	50.270579351398	0
3.3659999370575	-0.012024560011923	0.894979596138	50.270579351398	0
3.3680000305176	-0.0059716091491282	0.89495170116425	50.270579351398	0
3.3699998855591	8.3640152297448e-05	0.89486980438232	50.270579351398	0
3.3719999790192	0.0061402479186654	0.89473378658295	50.270579351398	0
3.3740000724792	0.012196677736938	0.89454358816147	50.270579351398	0
3.3759999275208	0.018251562491059	0.8942990899086	50.270579351398	0
3.3780000209808	0.024303844198585	0.89400047063828	50.270579351398	0
3.3800001144409	0.030351866036654	0.89364778995514	50.270579351398	0
3.3819999694824	0.03639455512166	0.89324134588242	50.270579351398	0
3.3840000629425	0.042430877685547	0.89278125762939	50.270579351398	0
3.385999917984	0.048458941280842	0.89226818084717	50.270579351398	0
3.3880000114441	0.054478324949741	0.89170241355896	50.270579351398	0
3.3900001049042	0.060487423092127	0.89108449220657	50.270579351398	0
3.3919999599457	0.066485121846199	0.89041513204575	50.270579351398	0
3.3940000534058	0.072470381855965	0.88969498872757	50.270579351398	0
3.3959999084473	0.078442081809044	0.88892477750778	50.270579351398	0
3.3980000019073	0.08439963310957	0.88810533285141	50.270579351398	0
3.4000000953674	0.090341746807098	0.88723754882812	50.270579351398	0
3.4019999504089	0.096267379820347	0.88632249832153	50.270579351398	0
3.404000043869	0.10217647254467	0.88536095619202	50.270579351398	0
3.4059998989105	0.10806761682034	0.88435387611389	50.270579351398	0
3.4079999923706	0.11394090950489	0.88330256938934	50.270579351398	0
3.4100000858307	0.11979522556067	0.88220810890198	50.270579351398	0
3.4119999408722	0.12563025951385	0.88107144832611	50.270579351398	0
3.4140000343323	0.13144589960575	0.87989383935928	50.270579351398	0
3.4159998893738	0.13724154233932	0.87867647409439	50.270579351398	0
3.4179999828339	0.14301753044128	0.87742042541504	50.270579351398	0
3.4200000762939	0.14877323806286	0.87612670660019	50.270579351398	0
3.4219999313354	0.15450888872147	0.87479686737061	50.270579351398	0
3.4240000247955	0.16022482514381	0.87343162298203	50.270579351398	0
3.4260001182556	0.16592083871365	0.87203228473663	50.270579351398	0
3.4279999732971	0.17159731686115	0.87059992551804	50.270579351398	0
3.4300000667572	0.17725472152233	0.86913549900055	50.270579351398	0
3.4319999217987	0.18289349973202	0.86764007806778	50.270579351398	0
3.4340000152588	0.18851448595524	0.86611437797546	50.270579351398	0
3.4360001087189	0.19411787390709	0.86455953121185	50.270579351398	0
3.4379999637604	0.19970421493053	0.86297625303268	50.270579351398	0
3.4400000572205	0.20527477562428	0.86136537790298	50.270579351398	0
3.441999912262	0.21082973480225	0.85972738265991	50.270579351398	0
3.444000005722	0.21637056767941	0.8580629825592	50.270579351398	0
3.4460000991821	0.22189804911613	0.85637253522873	50.270579351398	0
3.4479999542236	0.22741279006004	0.85465669631958	50.270579351398	0
3.4500000476837	0.23291629552841	0.85291558504105	50.270579351398	0
3.4519999027252	0.23840907216072	0.851149559021	50.270579351398	0
3.4539999961853	0.24389256536961	0.84935855865479	50.270579351398	0
3.4560000896454	0.249367877841	0.84754264354706	50.270579351398	0
3.4579999446869	0.25483530759811	0.84570211172104	50.270579351398	0
3.460000038147	0.26029700040817	0.84383618831635	50.270579351398	0
3.4619998931885	0.26575329899788	0.84194475412369	50.270579351398	0
3.4639999866486	0.27120560407639	0.84002768993378	50.270579351398	0
3.4660000801086	0.27665466070175	0.83808428049088	50.270579351398	0
3.4679999351501	0.28210154175758	0.83611392974854	50.270579351398	0
3.4700000286102	0.28754761815071	0.83411580324173	50.270579351398	0
3.4719998836517	0.29299286007881	0.8320894241333	50.270579351398	0
3.4739999771118	0.29843884706497	0.83003371953964	50.270579351398	0
3.4760000705719	0.30388605594635	0.82794761657715	50.270579351398	0
3.4779999256134	0.30933523178101	0.82583028078079	50.270579351398	0
3.4800000190735	0.31478723883629	0.82368046045303	50.270579351398	0
3.4820001125336	0.32024222612381	0.82149678468704	50.270579351398	0
3.4839999675751	0.32570049166679	0.81927824020386	50.270579351398	0
3.4860000610352	0.33116284012794	0.81702321767807	50.270579351398	0
3.4879999160767	0.33662921190262	0.81473046541214	50.270579351398	0
3.4900000095367	0.34210002422333	0.81239867210388	50.270579351398	0
3.4920001029968	0.34757518768311	0.81002593040466	50.270579351398	0
3.4939999580383	0.35305404663086	0.80761134624481	50.270579351398	0
3.4960000514984	0.35853740572929	0.80515271425247	50.270579351398	0
3.4979999065399	0.36402389407158	0.80264914035797	50.270579351398	0
3.5	0.36951407790184	0.80009835958481	50.270579351398	0
