CST XY Data Exchange Format V2

Title    = Z-Parameters
Xlabel   = Frequency / GHz
Ylabel   = Impedance / Ohm

Curvelabel          = Z1,1
Filename            = ^zcmplx1(1)1(1).sig
Npoints             = 1001
Type                = 8
Subtype             = 16
Logfactor           = 0
Result type         = complex:none
View type           = Cartesian
Plot type           = Complex
Data/Title          = Z-Parameters
X/Label             = Frequency
X/Unit              = GHz
Y/Label             = Impedance
Y/Unit              = Ohm
Y/Logfactor         = 0
Plot/wrapHeuristics = 0

1.5	18.079895884101	-247.99562495076
1.5019999742508	17.456846591336	-244.68017620989
1.5039999485016	16.856027259855	-241.43230281253
1.5060000419617	16.277413215751	-238.24968615777
1.5080000162125	15.721149782043	-235.13094360884
1.5099999904633	15.187179605276	-232.07393674364
1.5119999647141	14.675515876585	-229.07750667423
1.5140000581741	14.185858141582	-226.13955245999
1.5160000324249	13.718170673311	-223.25912483953
1.5180000066757	13.272139844054	-220.43492320533
1.5199999809265	12.847423899466	-217.6656348776
1.5219999551773	12.443781370889	-214.95030045521
1.5240000486374	12.060700580023	-212.28748979977
1.5260000228882	11.697785331242	-209.67659784401
1.527999997139	11.35465265511	-207.11662800441
1.5299999713898	11.030722274324	-204.6065662694
1.5319999456406	10.725335458494	-202.1454364613
1.5340000391006	10.438082569174	-199.73263239628
1.5360000133514	10.168325036764	-197.36714842229
1.5379999876022	9.915392138669	-195.04819610116
1.539999961853	9.678690565553	-192.77511541148
1.5420000553131	9.4575150397299	-190.54688651967
1.5440000295639	9.2512595642492	-188.36294769521
1.5460000038147	9.0591912179892	-186.22243491263
1.5479999780655	8.8807470629377	-184.12473493356
1.5499999523163	8.7151263987883	-182.06898258609
1.5520000457764	8.5617481153551	-180.0543678416
1.5540000200272	8.4198264092519	-178.08024632866
1.555999994278	8.2887996446253	-176.14581683153
1.5579999685287	8.1679202168299	-174.25028771146
1.5599999427795	8.0565619791437	-172.3930341637
1.5620000362396	7.9541392964856	-170.57320194598
1.5640000104904	7.8599467108123	-168.79008910717
1.5659999847412	7.7733554111233	-167.04294779911
1.567999958992	7.6938483648857	-165.33095537062
1.5700000524521	7.6207558673313	-163.65344829564
1.5720000267029	7.553497269646	-162.00955053897
1.5740000009537	7.4916124497625	-160.39862535376
1.5759999752045	7.4345032603607	-158.81987048962
1.5779999494553	7.3816296138042	-157.27248409209
1.5800000429153	7.3325769809748	-155.75577551778
1.5820000171661	7.2868177766657	-154.26903570126
1.5839999914169	7.2439072323694	-152.81142172126
1.5859999656677	7.2033818900486	-151.38219343403
1.5880000591278	7.1648987626529	-149.98060658494
1.5900000333786	7.1279962197702	-148.60601770908
1.5920000076294	7.0923791688297	-147.25760972132
1.5939999818802	7.0576329701696	-145.93467112252
1.595999956131	7.023512777755	-144.63646921279
1.5980000495911	6.9896573812255	-143.36233147265
1.6000000238419	6.9558285509789	-142.11148263152
1.6019999980927	6.9217209363371	-140.88326093857
1.6039999723434	6.8871327626434	-139.67698991003
1.6059999465942	6.8518725871394	-138.491967968
1.6080000400543	6.8156923415086	-137.32748029345
1.6100000143051	6.778456028896	-136.18294703717
1.6119999885559	6.7400229853362	-135.05764279601
1.6139999628067	6.7002220169811	-133.95096568591
1.6160000562668	6.658948400711	-132.86226152848
1.6180000305176	6.6161614843367	-131.79096451285
1.6200000047684	6.5717486631607	-130.73643273927
1.6219999790192	6.5256587979583	-129.69807661522
1.62399995327	6.4778138003507	-128.6753083747
1.62600004673	6.4282852541269	-127.6676079656
1.6280000209808	6.377005427838	-126.67441768252
1.6299999952316	6.3240128452215	-125.69525369356
1.6319999694824	6.2693015010867	-124.72952736777
1.6339999437332	6.2129466673587	-123.77679349182
1.6360000371933	6.1549865814035	-122.83652547334
1.6380000114441	6.0954814672405	-121.90838246147
1.6399999856949	6.0345114464357	-120.99179309731
1.6419999599457	5.9721813984897	-120.0864276306
1.6440000534058	5.9085755057552	-119.1918215623
1.6460000276566	5.8438145244437	-118.307617116
1.6480000019073	5.7779760908736	-117.43347872178
1.6499999761581	5.7111998076104	-116.56899688687
1.6519999504089	5.6436347885657	-115.71389197665
1.654000043869	5.5753808277271	-114.8677861985
1.6560000181198	5.506591018716	-114.03048395992
1.6579999923706	5.4373776104503	-113.20169612834
1.6599999666214	5.3679239729998	-112.38103820951
1.6619999408722	5.298358694322	-111.56840623495
1.6640000343323	5.2287953210024	-110.76358632006
1.6660000085831	5.1593918127365	-109.96628450822
1.6679999828339	5.0902938418595	-109.1764118295
1.6699999570847	5.0216194391432	-108.39366717461
1.6720000505447	4.9535201603505	-107.61790647993
1.6740000247955	4.8861177627947	-106.84914982635
1.6759999990463	4.8195362401698	-106.08716648147
1.6779999732971	4.7538902470738	-105.33176095525
1.6799999475479	4.6893375674618	-104.58301752333
1.682000041008	4.6259152914803	-103.84061423885
1.6840000152588	4.5637842745863	-103.10458134643
1.6859999895096	4.5030176044002	-102.37493449808
1.6879999637604	4.4437055129568	-101.65155431082
1.6900000572205	4.38591469511	-100.93423501806
1.6920000314713	4.329737100753	-100.22315394393
1.694000005722	4.2752479039696	-99.518147047878
1.6959999799728	4.2224862231329	-98.819256397434
1.6979999542236	4.1715157954997	-98.126436180778
1.7000000476837	4.1223735396165	-97.439648713479
1.7020000219345	4.0750777908902	-96.758825818953
1.7039999961853	4.0296642862251	-96.083993592028
1.7059999704361	3.9861593327885	-95.415216660854
1.7079999446869	3.9445742698952	-94.75246911315
1.710000038147	3.904900950934	-94.095589415332
1.7120000123978	3.8671308224151	-93.444778765049
1.7139999866486	3.8312792370636	-92.800000563756
1.7159999608994	3.7972917869989	-92.161091376703
1.7180000543594	3.7651642800764	-91.528217994192
1.7200000286102	3.7348672083809	-90.901316298622
1.722000002861	3.7063639869185	-90.280421545997
1.7239999771118	3.6796037311759	-89.665489030448
1.7259999513626	3.6545485756223	-89.056482513178
1.7280000448227	3.6311297375069	-88.453444105867
1.7300000190735	3.6093058595592	-87.856342407245
1.7319999933243	3.5890178226811	-87.265145182207
1.7339999675751	3.5701925777199	-86.679855875702
1.7359999418259	3.5527660294771	-86.10044108739
1.7380000352859	3.5366536965317	-85.526862481685
1.7400000095367	3.5217913866383	-84.959119775748
1.7419999837875	3.5081397803792	-84.397168681678
1.7439999580383	3.4955704269859	-83.840968242116
1.7460000514984	3.4840139264639	-83.290462058565
1.7480000257492	3.473415669998	-82.745641369149
1.75	3.4636761574829	-82.206438067965
1.7519999742508	3.4547315735503	-81.672800441411
1.7539999485016	3.4464905741759	-81.144665232683
1.7560000419617	3.4388659819234	-80.621971934489
1.7580000162125	3.4317950383816	-80.104671064248
1.7599999904633	3.4252041962657	-79.592691530908
1.7619999647141	3.4189968762198	-79.085943043917
1.7640000581741	3.4131191332896	-78.58437202622
1.7660000324249	3.4074767520294	-78.08789038569
1.7680000066757	3.402017388365	-77.596431514288
1.7699999809265	3.3966764383862	-77.109895216022
1.7719999551773	3.3913783056448	-76.628205412703
1.7740000486374	3.3860591085714	-76.151248966155
1.7760000228882	3.3806714892769	-75.678981962451
1.777999997139	3.3751481405834	-75.211271662544
1.7799999713898	3.3694534355719	-74.748040661411
1.7819999456406	3.3635134158857	-74.289174975515
1.7840000391006	3.3572923592937	-73.834579969248
1.7860000133514	3.3507715408831	-73.384177275672
1.7879999876022	3.3438949010212	-72.937848635494
1.789999961853	3.3366179581668	-72.495493787225
1.7920000553131	3.328931128144	-72.057001549658
1.7940000295639	3.3208087129105	-71.622299110411
1.7960000038147	3.3122087892105	-71.191254979228
1.7979999780655	3.3031289856416	-70.763789968788
1.7999999523163	3.2935648751792	-70.339797776884
1.8020000457764	3.2834949789317	-69.919163682858
1.8040000200272	3.2729176711817	-69.501805675229
1.805999994278	3.2618219600325	-69.087623033699
1.8079999685287	3.2502335648045	-68.676515923197
1.8099999427795	3.2381318630878	-68.268398732278
1.8120000362396	3.2255456347008	-67.863170941882
1.8140000104904	3.2124836045266	-67.460752515173
1.8159999847412	3.1989509898342	-67.061055852477
1.817999958992	3.1849808289075	-66.663984304399
1.8200000524521	3.170589491818	-66.269468554276
1.8220000267029	3.1557960142202	-65.877421906308
1.8240000009537	3.1406391255555	-65.487781205926
1.8259999752045	3.1251416551693	-65.100468356103
1.8279999494553	3.1093285629435	-64.715408555996
1.8300000429153	3.0932472514348	-64.332533937783
1.8320000171661	3.0769304741287	-63.951799033727
1.8339999914169	3.0604050661312	-63.573137121666
1.8359999656677	3.0437142189518	-63.196496870869
1.8380000591278	3.026898369088	-62.821807612327
1.8400000333786	3.0099953999025	-62.449051988083
1.8420000076294	2.9930487815537	-62.078168791626
1.8439999818802	2.9760887023688	-61.709118446804
1.845999956131	2.9591550729887	-61.341866939071
1.8480000495911	2.9422987598675	-60.976374744146
1.8500000238419	2.9255618582758	-60.612624309409
1.8519999980927	2.9089749178313	-60.250587190045
1.8539999723434	2.8925719146586	-59.890228407562
1.8559999465942	2.8763934945955	-59.531542106525
1.8580000400543	2.860478972582	-59.174490002123
1.8600000143051	2.8448610397284	-58.819082522468
1.8619999885559	2.8295745415387	-58.465302741827
1.8639999628067	2.8146531676094	-58.113134661974
1.8660000562668	2.8001222515724	-57.762562563542
1.8680000305176	2.7860105901241	-57.413609365524
1.8700000047684	2.7723464532565	-57.066255448773
1.8719999790192	2.7591515246347	-56.720512746002
1.87399995327	2.7464454162823	-56.37636891773
1.87600004673	2.7342572666362	-56.033822883693
1.8780000209808	2.7226037451709	-55.692903668244
1.8799999952316	2.7114827165154	-55.353605830794
1.8819999694824	2.700923269716	-55.015931548242
1.8839999437332	2.6909367568664	-54.679891350206
1.8860000371933	2.6815213329629	-54.345493776942
1.8880000114441	2.6726960227548	-54.012758378387
1.8899999856949	2.6644502628637	-53.681685825896
1.8919999599457	2.6567910244379	-53.352281320433
1.8940000534058	2.649715781974	-53.024559712294
1.8960000276566	2.6432263263143	-52.698539027243
1.8980000019073	2.6373154545441	-52.374224576023
1.8999999761581	2.6319703439287	-52.051620601454
1.9019999504089	2.6271957025524	-51.730742465022
1.904000043869	2.6229579384772	-51.411587935675
1.9060000181198	2.6192543693283	-51.09417312514
1.9079999923706	2.6160767822043	-50.778506836198
1.9099999666214	2.6133985854456	-50.464588104203
1.9119999408722	2.6112075426661	-50.15242467629
1.9140000343323	2.6094824269355	-49.842011406599
1.9160000085831	2.608200883311	-49.533357577513
1.9179999828339	2.6073414927103	-49.226465400171
1.9199999570847	2.6068773205108	-48.921329646329
1.9220000505447	2.606791479186	-48.617941416961
1.9240000247955	2.6070602612493	-48.316308567791
1.9259999990463	2.6076444295615	-48.016420914749
1.9279999732971	2.6085330329707	-47.718266860219
1.9299999475479	2.6096860570395	-47.421838670302
1.932000041008	2.6110878879858	-47.127121602585
1.9340000152588	2.6127131385895	-46.83411382446
1.9359999895096	2.6145263425029	-46.542795730247
1.9379999637604	2.616495877832	-46.25314859988
1.9400000572205	2.6186078484121	-45.965149392903
1.9420000314713	2.6208277755795	-45.678792711939
1.944000005722	2.6231360649241	-45.394049281579
1.9459999799728	2.6255000934658	-45.110898352934
1.9479999542236	2.6279046075179	-44.829316075676
1.9500000476837	2.630318908104	-44.549271638545
1.9520000219345	2.6327117891311	-44.270746426679
1.9539999961853	2.6350847019158	-43.993710528349
1.9559999704361	2.6373956515002	-43.718131789407
1.9579999446869	2.6396322635992	-43.443983450016
1.960000038147	2.6417795812019	-43.171226657364
1.9620000123978	2.6438174211162	-42.899839809618
1.9639999866486	2.6457246427909	-42.629783530225
1.9659999608994	2.64749830349	-42.361026736999
1.9680000543594	2.6491182874809	-42.093526177104
1.9700000286102	2.6505770514372	-41.827259008707
1.972000002861	2.6518622310273	-41.562183405007
1.9739999771118	2.652967995472	-41.298264426728
1.9759999513626	2.6538821265965	-41.03546600134
1.9780000448227	2.6546113642275	-40.773743114041
1.9800000190735	2.655140738228	-40.513075420221
1.9819999933243	2.6554784178821	-40.253418514516
1.9839999675751	2.6556140396023	-39.994733552498
1.9859999418259	2.6555608622026	-39.736991147069
1.9880000352859	2.6553112221148	-39.480148518129
1.9900000095367	2.654877920111	-39.224180222474
1.9919999837875	2.6542663060403	-38.969047586965
1.9939999580383	2.653484486907	-38.71471530044
1.9960000514984	2.6525371500848	-38.461148580679
1.9980000257492	2.6514348081496	-38.208324850599
2	2.6501941186853	-37.956210008447
2.0020000934601	2.6488265703395	-37.704765530032
2.0039999485016	2.6473474900534	-37.453981850491
2.0060000419617	2.6457630959333	-37.203810023849
2.0079998970032	2.6441015501255	-36.954243177248
2.0099999904633	2.6423702378198	-36.705240581968
2.0120000839233	2.6405892750516	-36.45678414712
2.0139999389648	2.6387870664156	-36.208865004656
2.0160000324249	2.6369654263894	-35.961440772137
2.0179998874664	2.6351509023808	-35.714513896692
2.0199999809265	2.6333680527228	-35.468043701758
2.0220000743866	2.6316282854123	-35.22202935356
2.0239999294281	2.6299590774076	-34.976458735353
2.0260000228882	2.6283745948733	-34.731307658285
2.0280001163483	2.6268971270677	-34.48656590877
2.0299999713898	2.6255499510922	-34.242237411618
2.0320000648499	2.6243458632972	-33.998291206765
2.0339999198914	2.6233132151628	-33.754742653128
2.0360000133514	2.6224647847883	-33.511561788278
2.0380001068115	2.6218176344799	-33.268755853192
2.039999961853	2.6213966339731	-33.026331265329
2.0420000553131	2.6212117851463	-32.784263539131
2.0439999103546	2.6212864540071	-32.542570875122
2.0460000038147	2.6216317144832	-32.301235717699
2.0480000972748	2.6222627594803	-32.060268471865
2.0499999523163	2.6231950319636	-31.819678608315
2.0520000457764	2.6244403939276	-31.57944861406
2.0539999008179	2.6260184202061	-31.3396033915
2.055999994278	2.6279289950373	-31.100125477544
2.058000087738	2.630189865283	-30.861029250689
2.0599999427795	2.6328068021031	-30.622328725275
2.0620000362396	2.6357875864316	-30.38401334177
2.0639998912811	2.6391417921904	-30.146105495863
2.0659999847412	2.6428716447672	-29.908591878179
2.0680000782013	2.6469859275216	-29.67149070508
2.0699999332428	2.6514834239371	-29.434814442422
2.0720000267029	2.6563642237499	-29.198551623154
2.0739998817444	2.6616355175412	-28.962729639851
2.0759999752045	2.6672976214837	-28.727335181
2.0780000686646	2.6733382492907	-28.492382357102
2.0799999237061	2.6797697558347	-28.257885915012
2.0820000171661	2.6865783341007	-28.023835482198
2.0840001106262	2.6937625964769	-27.790242173115
2.0859999656677	2.7013149627843	-27.557121532159
2.0880000591278	2.7092348571977	-27.324457349423
2.0899999141693	2.7175113656205	-27.092269297857
2.0920000076294	2.7261368867314	-26.86054795479
2.0940001010895	2.7350950441269	-26.629299787878
2.095999956131	2.7443916960227	-26.398532143947
2.0980000495911	2.7540003028273	-26.168232719728
2.0999999046326	2.763919928948	-25.938412171986
2.1019999980927	2.7741399061005	-25.709057588237
2.1040000915527	2.7846410999008	-25.480168492084
2.1059999465942	2.7954156414031	-25.251754573636
2.1080000400543	2.8064511354171	-25.023790115222
2.1099998950958	2.8177317031082	-24.796287141278
2.1119999885559	2.8292438852689	-24.56922192364
2.114000082016	2.8409809660745	-24.342594686068
2.1159999370575	2.8529239878869	-24.116403382112
2.1180000305176	2.8650589084933	-23.890620968143
2.1199998855591	2.8773783124751	-23.66525256625
2.1219999790192	2.8898656125133	-23.440268855203
2.1240000724792	2.9025058908367	-23.21566382918
2.1259999275208	2.9152902025324	-22.991431993593
2.1280000209808	2.9282063701362	-22.76753845211
2.1300001144409	2.9412426508859	-22.543975502028
2.1319999694824	2.9543875600707	-22.320732914021
2.1340000629425	2.9676311906081	-22.097777070653
2.135999917984	2.9809674007265	-21.875101209074
2.1380000114441	2.9943843161002	-21.65267101379
2.1400001049042	3.007869825079	-21.430469288635
2.1419999599457	3.0214243263192	-21.208485743788
2.1440000534058	3.0350415367838	-20.986677207325
2.1459999084473	3.0487104035616	-20.76503956911
2.1480000019073	3.0624290187436	-20.543527326187
2.1500000953674	3.076199029074	-20.322127856555
2.1519999504089	3.0900078212247	-20.100821133383
2.154000043869	3.1038626927378	-19.879564214494
2.1559998989105	3.1177618402489	-19.658350157898
2.1579999923706	3.1317068373587	-19.437132212711
2.1600000858307	3.1456994312268	-19.215892140952
2.1619999408722	3.1597425221057	-18.994612771732
2.1640000343323	3.1738384310487	-18.773249709912
2.1659998893738	3.1880001268062	-18.551789661637
2.1679999828339	3.2022289822417	-18.330193195752
2.1700000762939	3.216529018222	-18.108437929469
2.1719999313354	3.2309203653567	-17.886504284996
2.1740000247955	3.2454036816808	-17.66435319625
2.1760001182556	3.2599961851432	-17.441962987293
2.1779999732971	3.2747070998895	-17.219315185336
2.1800000667572	3.2895483910614	-16.996370122147
2.1819999217987	3.3045361088484	-16.773116290973
2.1840000152588	3.3196894421738	-16.549516583454
2.1860001087189	3.3350177018257	-16.325549652588
2.1879999637604	3.3505462503782	-16.101202267635
2.1900000572205	3.3662808108309	-15.876438679489
2.191999912262	3.3822487767947	-15.651245918409
2.194000005722	3.3984705763835	-15.425592502518
2.1960000991821	3.4149627704719	-15.19946149043
2.1979999542236	3.4317439223199	-14.97284180373
2.2000000476837	3.4488348607368	-14.745699206827
2.2019999027252	3.4662629983116	-14.518029398073
2.2039999961853	3.4840432912104	-14.289793080092
2.2060000896454	3.5021975777775	-14.060999695311
2.2079999446869	3.520755568165	-13.831617489189
2.210000038147	3.5397342008107	-13.601643157591
2.2119998931885	3.5591552887403	-13.371047848114
2.2139999866486	3.5790434368323	-13.139818653439
2.2160000801086	3.5994235508683	-12.90794450218
2.2179999351501	3.620311612321	-12.675418565456
2.2200000286102	3.6417416460524	-12.442229389284
2.2219998836517	3.6637237581102	-12.208363354676
2.2239999771118	3.6862878840471	-11.973802070849
2.2260000705719	3.7094526353809	-11.738541259675
2.2279999256134	3.7332412572372	-11.502579142256
2.2300000190735	3.7576757338059	-11.26589389817
2.2320001125336	3.7827734691819	-11.028481954159
2.2339999675751	3.8085617148078	-10.790344200157
2.2360000610352	3.8350568368725	-10.551455673771
2.2379999160767	3.8622762379821	-10.311826419717
2.2400000095367	3.8902437063358	-10.071431424857
2.2420001029968	3.9189739069429	-9.8302733899365
2.2439999580383	3.9484913792936	-9.5883502717132
2.2460000514984	3.9788030764707	-9.345640421856
2.2479999065399	4.0099379733744	-9.1021515490561
2.25	4.0419090053937	-8.8578619865787
2.2520000934601	4.0747312349074	-8.612772133332
2.2539999485016	4.1084184541808	-8.3668765853583
2.2560000419617	4.1429867866858	-8.1201578781255
2.2579998970032	4.1784549116982	-7.8726156143655
2.2599999904633	4.2148323108707	-7.6242319635719
2.2620000839233	4.2521349363757	-7.3750003581667
2.2639999389648	4.2903765143346	-7.1249181031384
2.2660000324249	4.3295681564853	-6.8739599355387
2.2679998874664	4.3697240741992	-6.6221260295844
2.2699999809265	4.410856675571	-6.3693896758466
2.2720000743866	4.4529778089506	-6.1157435104916
2.2739999294281	4.4960980505913	-5.8611817426041
2.2760000228882	4.5402331041857	-5.6056698429687
2.2780001163483	4.5853897793307	-5.349199549619
2.2799999713898	4.6315823201466	-5.091757808418
2.2820000648499	4.6788257256607	-4.8333115339524
2.2839999198914	4.7271271667817	-4.5738533602819
2.2860000133514	4.7764998036265	-4.3133455606953
2.2880001068115	4.8269559091495	-4.0517691235941
2.289999961853	4.8785137205877	-3.7891075568569
2.2920000553131	4.9311809959491	-3.5253195808179
2.2939999103546	4.9849721225652	-3.2603855630437
2.2960000038147	5.0399065346952	-2.9942649510049
2.2980000972748	5.0959952025866	-2.726930575
2.2999999523163	5.1532552138283	-2.4583566509183
2.3020000457764	5.2117066297374	-2.1884907382345
2.3039999008179	5.2713674187236	-1.9173088610383
2.305999994278	5.3322545311662	-1.6447601118937
2.308000087738	5.394397314963	-1.3708042258748
2.3099999427795	5.4578068691251	-1.0954116534148
2.3120000362396	5.5225166949796	-0.81851532439027
2.3139998912811	5.5885537471532	-0.5400845792542
2.3159999847412	5.6559408714078	-0.26006290774593
2.3180000782013	5.7247067080772	0.021602896635852
2.3199999332428	5.7948916657954	0.30495700294233
2.3220000267029	5.8665237027179	0.59006480717832
2.3239998817444	5.9396428155125	0.87697230699854
2.3259999752045	6.014285384131	1.1657515512713
2.3280000686646	6.090500176637	1.4564586082714
2.3299999237061	6.1683260815168	1.74914480681
2.3320000171661	6.2478144326479	2.0438923905953
2.3340001106262	6.3290155407551	2.340755349794
2.3359999656677	6.4119840215512	2.6398013491745
2.3380000591278	6.4967782932804	2.9411122936738
2.3399999141693	6.5834608773892	3.2447438839026
2.3420000076294	6.6720910569567	3.5507816268333
2.3440001010895	6.7627453991464	3.8592945785476
2.345999956131	6.8554963928801	4.1703571976898
2.3480000495911	6.950421420568	4.4840541108079
2.3499999046326	7.047600205603	4.8004590435968
2.3519999980927	7.1471164387499	5.1196528524201
2.3540000915527	7.2490729569793	5.4417285280591
2.3559999465942	7.3535531756066	5.7667527265283
2.3580000400543	7.4606670813405	6.0948226228696
2.3599998950958	7.5705147868224	6.4260162652282
2.3619999885559	7.6832193003046	6.7604331933508
2.364000082016	7.7988878052689	7.0981573566831
2.3659999370575	7.9176440829328	7.4392639443637
2.3680000305176	8.0396314244172	7.7838687470937
2.3699998855591	8.1649759998079	8.1320429980503
2.3719999790192	8.2938189128169	8.4838938849061
2.3740000724792	8.426317343576	8.8395090538777
2.3759999275208	8.5626269107916	9.1989769023502
2.3780000209808	8.7029117690077	9.5624039766782
2.3800001144409	8.8473497065047	9.9298872036812
2.3819999694824	8.996108337906	10.301502126139
2.3840000629425	9.1493953001162	10.677374642038
2.385999917984	9.307395631886	11.057578229429
2.3880000114441	9.4703257076473	11.442227323922
2.3900001049042	9.638398338358	11.831412339741
2.3919999599457	9.8118405723937	12.225228967354
2.3940000534058	9.9908932038725	12.623781703122
2.3959999084473	10.175807466332	13.027160180802
2.3980000019073	10.366836034783	13.435467378934
2.4000000953674	10.564266721977	13.848802445457
2.4019999504089	10.7683738605	14.267249477253
2.404000043869	10.979464612865	14.690925869318
2.4059998989105	11.197846839492	15.119898183252
2.4079999923706	11.423849219101	15.554274610105
2.4100000858307	11.657824105074	15.994145376407
2.4119999408722	11.900128606928	16.439590624477
2.4140000343323	12.15113503422	16.890702622336
2.4159998893738	12.411245739877	17.347554843568
2.4179999828339	12.680881934086	17.810236755697
2.4200000762939	12.96047563855	18.278819742912
2.4219999313354	13.250483460511	18.753360712667
2.4240000247955	13.551389028475	19.233941479242
2.4260001182556	13.863699191494	19.72061679059
2.4279999732971	14.187942364092	20.213416338971
2.4300000667572	14.524680789711	20.712397238917
2.4319999217987	14.874498011897	21.217592524221
2.4340000152588	15.2380039152	21.729023629629
2.4360001087189	15.615859971787	22.246686755778
2.4379999637604	16.008742358973	22.770582773823
2.4400000572205	16.417367468216	23.300706888234
2.441999912262	16.842486557252	23.83698039411
2.444000005722	17.284904698972	24.379386970456
2.4460000991821	17.745442732832	24.927814557382
2.4479999542236	18.224987734995	25.4821504435
2.4500000476837	18.724469605096	26.042286683606
2.4519999027252	19.244848321694	26.608013278612
2.4539999961853	19.787166274772	27.179155629199
2.4560000896454	20.352497111298	27.755459737102
2.4579999446869	20.941964593654	28.336608334279
2.460000038147	21.556779081239	28.922281085558
2.4619998931885	22.198172079924	29.512052742406
2.4639999866486	22.867484995521	30.105473409238
2.4660000801086	23.566083670015	30.701989671264
2.4679999351501	24.29541385679	31.30096488814
2.4700000286102	25.057011585511	31.90171826977
2.4719998836517	25.852456378526	32.503411511618
2.4739999771118	26.683421918917	33.105123991207
2.4760000705719	27.55162857909	33.705805148335
2.4779999256134	28.458889928582	34.304253282141
2.4800000190735	29.40708069777	34.899133468358
2.4820001125336	30.39816063332	35.488920511007
2.4839999675751	31.434122863715	36.071901888941
2.4860000610352	32.517048660096	36.646169370559
2.4879999160767	33.649058571348	37.209562897248
2.4900000095367	34.832324729598	37.759672892814
2.4920001029968	36.069028760746	38.293808370492
2.4939999580383	37.361387073221	38.808965154948
2.4960000514984	38.711599787497	39.301799690541
2.4979999065399	40.12184388047	39.768627920362
2.5	41.594214223304	40.205311935864
2.5020000934601	43.1307365547	40.607344970758
2.5039999485016	44.73326042473	40.969694708094
2.5060000419617	46.403466481004	41.286865999079
2.5079998970032	48.1427759524	41.55285014726
2.5099999904633	49.952282580368	41.761064783273
2.5120000839233	51.832667301059	41.904353142385
2.5139999389648	53.784089611847	41.974978326348
2.5160000324249	55.806165141869	41.96462447641
2.5179998874664	57.897713402363	41.864373747166
2.5199999809265	60.056757300199	41.664773891621
2.5220000743866	62.280280097591	41.355826276613
2.5239999294281	64.564119493674	40.92711286813
2.5260000228882	66.902859876451	40.367856753025
2.5280001163483	69.289565454854	39.667069270077
2.5299999713898	71.715714100352	38.813735638045
2.5320000648499	74.171044294682	37.796979162312
2.5339999198914	76.643370877321	36.606367994333
2.5360000133514	79.118609683478	35.232189671587
2.5380001068115	81.58058685832	33.665828996278
2.539999961853	84.011190561676	31.900103970268
2.5420000553131	86.390401606735	29.929696021735
2.5439999103546	88.696453823903	27.751619377875
2.5460000038147	90.906157257557	25.36559450719
2.5480000972748	92.995234801375	22.774414979318
2.5499999523163	94.938784513767	19.984455651192
2.5520000457764	96.711998615917	17.005653772631
2.5539999008179	98.290595444169	13.851948394902
2.555999994278	99.65176250341	10.541061842171
2.558000087738	100.77477171505	7.0945217714555
2.5599999427795	101.64176185993	3.5372008269737
2.5620000362396	102.23840190917	-0.10308913977648
2.5639998912811	102.55445501069	-3.7962541078266
2.5659999847412	102.58418422166	-7.5107235464771
2.5680000782013	102.32666392355	-11.214235406307
2.5699999332428	101.78570353835	-14.874788220185
2.5720000267029	100.96980191187	-18.461541225549
2.5739998817444	99.891824195786	-21.945515292459
2.5759999752045	98.568380947622	-25.300530613834
2.5780000686646	97.019272910267	-28.503506788322
2.5799999237061	95.266912464746	-31.535016330762
2.5820000171661	93.335251045953	-34.379567612466
2.5840001106262	91.249300350685	-37.025551323418
2.5859999656677	89.034413814191	-39.465197900412
2.5880000591278	86.715472248433	-41.694441346763
2.5899999141693	84.316499376963	-43.712475001258
2.5920000076294	81.860204202567	-45.521466389563
2.5940001010895	79.367625118062	-47.126077379759
2.595999956131	76.857951978644	-48.533096507407
2.5980000495911	74.348294280608	-49.750938496692
2.5999999046326	71.853765022492	-50.789265236744
2.6019999980927	69.38736414448	-51.658615386616
2.6040000915527	66.960231149981	-52.370082746387
2.6059999465942	64.581559656937	-52.934996783638
2.6080000400543	62.258836370441	-53.364728581305
2.6099998950958	59.998053312246	-53.670477000184
2.6119999885559	57.803712636949	-53.863126667183
2.614000082016	55.679143624532	-53.95311012105
2.6159999370575	53.62659903384	-53.950360997
2.6180000305176	51.647365433875	-53.864234587737
2.6199998855591	49.741985060134	-53.703492026198
2.6219999790192	47.910268532606	-53.476244350961
2.6240000724792	46.151571364287	-53.190044366566
2.6259999275208	44.464779345887	-52.851806437914
2.6280000209808	42.848348894183	-52.467840808949
2.6300001144409	41.30055768614	-52.043947715493
2.6319999694824	39.819401830232	-51.585385908559
2.6340000629425	38.402747952409	-51.096905329463
2.635999917984	37.04836524806	-50.582805818001
2.6380000114441	35.753931398709	-50.046962222424
2.6400001049042	34.517093480341	-49.492862161194
2.6419999599457	33.335510295944	-48.923622398595
2.6440000534058	32.206841245862	-48.34204061302
2.6459999084473	31.128771416443	-47.75061962923
2.6480000019073	30.09903405609	-47.151557697413
2.6500000953674	29.115420966857	-46.546831761673
2.6519999504089	28.1758038512	-45.93820455696
2.654000043869	27.278114137685	-45.327233788635
2.6559998989105	26.420324749819	-44.715253524367
2.6579999923706	25.600542341832	-44.10347820301
2.6600000858307	24.816921295193	-43.492972981004
2.6619999408722	24.067701730609	-42.884670430816
2.6640000343323	23.351167836115	-42.279334414094
2.6659998893738	22.665750080098	-41.677710838097
2.6679999828339	22.009883543761	-41.080360764779
2.6700000762939	21.382128469683	-40.487831714924
2.6719999313354	20.781082398129	-39.900548922198
2.6740000247955	20.205423528034	-39.318894596107
2.6760001182556	19.653907425883	-38.743178915395
2.6779999732971	19.125324903256	-38.173665878013
2.6800000667572	18.618544176432	-37.610565926138
2.6819999217987	18.132499497739	-37.054052283165
2.6840000152588	17.666174113275	-36.504252394822
2.6860001087189	17.218577777824	-35.961255999383
2.6879999637604	16.788816555466	-35.425152473535
2.6900000572205	16.376009459547	-34.895966338244
2.691999912262	15.979337312735	-34.373731154754
2.694000005722	15.598011205316	-33.858427656471
2.6960000991821	15.23128288307	-33.350040780922
2.6979999542236	14.87845942153	-32.848545984621
2.7000000476837	14.538870646729	-32.353882281962
2.7019999027252	14.211886731693	-31.865997728019
2.7039999961853	13.896902967495	-31.384802974815
2.7060000896454	13.593346268717	-30.910225317399
2.7079999446869	13.300686145342	-30.442185960701
2.710000038147	13.01840541675	-29.980563739186
2.7119998931885	12.746022166168	-29.525286740238
2.7139999866486	12.483076181375	-29.076221570456
2.7160000801086	12.229130351874	-28.633265427145
2.7179999351501	11.983773764197	-28.196306559186
2.7200000286102	11.746605220031	-27.765221191175
2.7219998836517	11.517259359676	-27.339901142357
2.7239999771118	11.295379237139	-26.920208854446
2.7260000705719	11.080639918238	-26.506030005823
2.7279999256134	10.87272186651	-26.097252686747
2.7300000190735	10.67131271054	-25.693733047242
2.7320001125336	10.47613574871	-25.295361029819
2.7339999675751	10.286924753481	-24.902015703579
2.7360000610352	10.103420850944	-24.513564226154
2.7379999160767	9.9253816916848	-24.129893294348
2.7400000095367	9.7525731751599	-23.750876829701
2.7420001029968	9.5847856923399	-23.376402842643
2.7439999580383	9.4218136780192	-23.006357687257
2.7460000514984	9.2634565503995	-22.640608393407
2.7479999065399	9.1095254518965	-22.279061414387
2.75	8.9598587931916	-21.921589224344
2.7520000934601	8.8142851105517	-21.568087891344
2.7539999485016	8.6726473872655	-21.218459743549
2.7560000419617	8.5348071744044	-20.872586843666
2.7579998970032	8.4006143448327	-20.530375969032
2.7599999904633	8.2699343393667	-20.191712305209
2.7620000839233	8.1426583675241	-19.856514544655
2.7639999389648	8.0186536561609	-19.524683704901
2.7660000324249	7.8978176949861	-19.196117572986
2.7679998874664	7.7800477285402	-18.870745866498
2.7699999809265	7.6652381117041	-18.548459133649
2.7720000743866	7.5532949281144	-18.229185695596
2.7739999294281	7.444135198453	-17.912850615133
2.7760000228882	7.3376737758957	-17.599359278718
2.7780001163483	7.2338279124105	-17.288644145349
2.7799999713898	7.1325308193569	-16.980636604625
2.7820000648499	7.0337002153502	-16.675251846073
2.7839999198914	6.9372797298105	-16.372442124302
2.7860000133514	6.8432067264607	-16.072124357881
2.7880001068115	6.7514154976636	-15.774230260301
2.789999961853	6.6618539000962	-15.478735853152
2.7920000553131	6.5744637743919	-15.185539879942
2.7939999103546	6.4891960299205	-14.894620736888
2.7960000038147	6.4060007933089	-14.605906190746
2.7980000972748	6.3248290823764	-14.319335517681
2.7999999523163	6.2456429044392	-14.034905287137
2.8020000457764	6.1683924888633	-13.752532935407
2.8039999008179	6.0930426918198	-13.472177001579
2.805999994278	6.019550301015	-13.193803688742
2.808000087738	5.9478798253589	-12.917378081022
2.8099999427795	5.8779928860878	-12.642853567218
2.8120000362396	5.8098509255723	-12.370207172583
2.8139998912811	5.74342521273	-12.099390824106
2.8159999847412	5.6786778294072	-11.830371407233
2.8180000782013	5.6155787806489	-11.563136886238
2.8199999332428	5.554095059844	-11.29764893078
2.8220000267029	5.4941917139063	-11.033873538442
2.8239998817444	5.4358401309578	-10.771796672218
2.8259999752045	5.3790088795185	-10.51138099629
2.8280000686646	5.3236679894884	-10.252611084676
2.8299999237061	5.2697888557055	-9.995468469554
2.8320000171661	5.2173363028184	-9.7399198843915
2.8340001106262	5.1662834195101	-9.4859530988221
2.8359999656677	5.1166003328942	-9.2335533863226
2.8380000591278	5.0682585224933	-8.982690484034
2.8399999141693	5.0212268980906	-8.7333587964483
2.8420000076294	4.9754766779568	-8.4855278838829
2.8440001010895	4.9309746429268	-8.2391864487732
2.845999956131	4.8876965014422	-7.9943258179341
2.8480000495911	4.8456051493585	-7.7509152061292
2.8499999046326	4.8046790573153	-7.5089549034247
2.8519999980927	4.7648808242819	-7.2684130570098
2.8540000915527	4.7261851034449	-7.0292814287957
2.8559999465942	4.6885553576799	-6.79155077861
2.8580000400543	4.651970390968	-6.5551944632896
2.8599998950958	4.6163935128478	-6.320208449816
2.8619999885559	4.5817953501799	-6.0865643137634
2.864000082016	4.5481507081549	-5.854252588726
2.8659999370575	4.5154192800411	-5.6232635642563
2.8680000305176	4.4835755460481	-5.3935668705081
2.8699998855591	4.4525911290098	-5.165159905812
2.8719999790192	4.4224349507354	-4.9380129953949
2.8740000724792	4.393073646827	-4.7121130612156
2.8759999275208	4.3644834586966	-4.4874500730772
2.8780000209808	4.3366323069589	-4.2639931288519
2.8800001144409	4.3094896195948	-4.0417280135109
2.8819999694824	4.2830255200504	-3.820641575976
2.8840000629425	4.2572133724796	-3.6007023934544
2.885999917984	4.2320257381181	-3.3819011288123
2.8880000114441	4.2074351585887	-3.1642050613002
2.8900001049042	4.1834142369618	-2.9475976031562
2.8919999599457	4.1599359059619	-2.7320637604097
2.8940000534058	4.1369738647677	-2.517566522539
2.8959999084473	4.1145027831322	-2.3040961979019
2.8980000019073	4.0925000133318	-2.0916154701387
2.9000000953674	4.0709377141569	-1.8801061988503
2.9019999504089	4.0497970737171	-1.6695498172988
2.904000043869	4.0290552204557	-1.4599078865655
2.9059998989105	4.00868761044	-1.2511676411397
2.9079999923706	3.9886797459622	-1.043289243673
2.9100000858307	3.96900889907	-0.83625282144172
2.9119999408722	3.9496593181473	-0.63003769492807
2.9140000343323	3.9306119782092	-0.42460351929742
2.9159998893738	3.9118469429368	-0.21993562649479
2.9179999828339	3.8933565153366	-0.015992926087602
2.9200000762939	3.8751201705949	0.18724531229967
2.9219999313354	3.8571293496056	0.3898011948533
2.9240000247955	3.8393730882123	0.59171540954811
2.9260001182556	3.821833207162	0.79300974699696
2.9279999732971	3.8045086331653	0.99370543248454
2.9300000667572	3.787391937471	1.1938433027827
2.9319999217987	3.770469238204	1.3934379489584
2.9340000152588	3.7537371807631	1.592529687545
2.9360001087189	3.7371893852407	1.7911390147356
2.9379999637604	3.7208296208655	1.9892860252455
2.9400000572205	3.7046459484416	2.1870098527673
2.941999912262	3.6886400646177	2.3843232046731
2.944000005722	3.6728163686744	2.581264222287
2.9460000991821	3.6571666104981	2.7778510741232
2.9479999542236	3.6416963378263	2.9741006892082
2.9500000476837	3.6264085819641	3.1700497454324
2.9519999027252	3.6113073162234	3.3657074237418
2.9539999961853	3.5963949151568	3.5611083890624
2.9560000896454	3.5816741663676	3.7562669048869
2.9579999446869	3.5671565853453	3.9511965487617
2.960000038147	3.5528421598895	4.1459285882793
2.9619998931885	3.538739664758	4.3404688073179
2.9639999866486	3.5248608627119	4.5348477392044
2.9660000801086	3.5112051136425	4.7290738996164
2.9679999351501	3.4977911013887	4.9231561929873
2.9700000286102	3.4846181526014	5.1171227008663
2.9719998836517	3.4717015518666	5.3109720943497
2.9739999771118	3.4590479700322	5.5047298116362
2.9760000705719	3.4466663565959	5.698400777805
2.9779999256134	3.4345682182984	5.8919875363343
2.9800000190735	3.42276248495	6.0855131100636
2.9820001125336	3.4112543607678	6.278977680649
2.9839999675751	3.4000583376101	6.4723814715151
2.9860000610352	3.3891860868382	6.6657448042195
2.9879999160767	3.3786426376437	6.8590579531056
2.9900000095367	3.3684389062417	7.0523386906851
2.9920001029968	3.3585791610534	7.2455830032747
2.9939999580383	3.3490737761369	7.4387862413274
2.9960000514984	3.3399351217051	7.6319638397789
2.9979999065399	3.331161080666	7.8251008963207
3	3.3227663826881	8.0182131685491
3.0020000934601	3.3147523081462	8.2112897348062
3.0039999485016	3.3071283371171	8.4043247305879
3.0060000419617	3.2998974133394	8.5973284538432
3.0079998970032	3.2930604713578	8.7902846754875
3.0099999904633	3.2866217940423	8.9832019155148
3.0120000839233	3.2805864072538	9.1760712824879
3.0139999389648	3.2749569919464	9.3688818368122
3.0160000324249	3.2697299485605	9.5616414375184
3.0179998874664	3.2649061794551	9.7543312147415
3.0199999809265	3.2604855929167	9.9469614765383
3.0220000743866	3.2564660735797	10.139518883891
3.0239999294281	3.2528436161193	10.331991594599
3.0260000228882	3.2496183351541	10.524386923401
3.0280001163483	3.246783845378	10.716695855692
3.0299999713898	3.2443328036602	10.908903500395
3.0320000648499	3.242260443772	11.101021338954
3.0339999198914	3.2405568728873	11.293028259595
3.0360000133514	3.2392211868621	11.484936387477
3.0380001068115	3.2382348743163	11.676732002323
3.039999961853	3.2375973778736	11.868409660399
3.0420000553131	3.2372912617606	12.059975158845
3.0439999103546	3.2373084414258	12.251414316763
3.0460000038147	3.2376380263872	12.442739639001
3.0480000972748	3.2382681839881	12.633944739906
3.0499999523163	3.2391830445216	12.825019395008
3.0520000457764	3.2403691995934	13.015980014211
3.0539999008179	3.2418159484245	13.206813573501
3.055999994278	3.2435074515663	13.397536150563
3.058000087738	3.2454257763704	13.588143802925
3.0599999427795	3.2475615445158	13.778635430328
3.0620000362396	3.2498964839075	13.969029321896
3.0639998912811	3.2524138681283	14.159313993505
3.0659999847412	3.2550971638367	14.349513909027
3.0680000782013	3.2579355932308	14.539631409635
3.0699999332428	3.2609121226762	14.729664622983
3.0720000267029	3.2640106444751	14.919641471767
3.0739998817444	3.2672130932059	15.109556419953
3.0759999752045	3.2705066873973	15.299436730898
3.0780000686646	3.2738800177211	15.489288871433
3.0799999237061	3.2773133459546	15.679118014004
3.0820000171661	3.2807958110594	15.868955512542
3.0840001106262	3.2843156500315	16.05880914396
3.0859999656677	3.2878593771967	16.248691956343
3.0880000591278	3.2914156634193	16.438629533018
3.0899999141693	3.2949686018357	16.628633217285
3.0920000076294	3.2985104392376	16.818731190673
3.0940001010895	3.3020335591616	17.008940662101
3.095999956131	3.3055301808101	17.199271916308
3.0980000495911	3.3089859797951	17.389762966665
3.0999999046326	3.312405351463	17.580421715236
3.1019999980927	3.315774967753	17.771283044953
3.1040000915527	3.3190943074033	17.962363587323
3.1059999465942	3.3223488853489	18.153679144776
3.1080000400543	3.3255527114286	18.345270043424
3.1099998950958	3.3286931004401	18.537142359847
3.1119999885559	3.3317773124432	18.729334934111
3.114000082016	3.3348002254889	18.921867908693
3.1159999370575	3.3377719683822	19.114754407361
3.1180000305176	3.3406871334366	19.308032600388
3.1199998855591	3.3435575584142	19.501713235525
3.1219999790192	3.3463861728147	19.695832870822
3.1240000724792	3.3491764636426	19.890409126234
3.1259999275208	3.3519422676406	20.085453632845
3.1280000209808	3.3546949414477	20.281004867629
3.1300001144409	3.357437104216	20.477081670097
3.1319999694824	3.3601842620912	20.673688618686
3.1340000629425	3.3629467247106	20.870865715993
3.135999917984	3.3657397681277	21.06861860517
3.1380000114441	3.3685838938231	21.266979765823
3.1400001049042	3.3714761563631	21.465955107588
3.1419999599457	3.3744531478599	21.665561065558
3.1440000534058	3.3775123131765	21.865818457568
3.1459999084473	3.3806845963417	22.066736813667
3.1480000019073	3.3839843018243	22.268340693996
3.1500000953674	3.3874172042246	22.470632538804
3.1519999504089	3.3910177353548	22.67362106424
3.154000043869	3.3948005210233	22.877329824393
3.1559998989105	3.3987795890117	23.081747218607
3.1579999923706	3.4029740462161	23.286905085707
3.1600000858307	3.407404440942	23.492792971141
3.1619999408722	3.4120858679338	23.699412082604
3.1640000343323	3.4170529404182	23.906788202566
3.1659998893738	3.4223011539691	24.114897961699
3.1679999828339	3.4278630304417	24.323768089679
3.1700000762939	3.4337521309187	24.533385509351
3.1719999313354	3.4399840203172	24.743741774185
3.1740000247955	3.4465818684833	24.954852853975
3.1760001182556	3.4535554980215	25.166706049374
3.1779999732971	3.4609214753678	25.379289236774
3.1800000667572	3.4686955471477	25.592621633195
3.1819999217987	3.4768889297533	25.806670015101
3.1840000152588	3.4855202337539	26.021452761725
3.1860001087189	3.4945931198038	26.236952203346
3.1879999637604	3.5041248819889	26.453145951604
3.1900000572205	3.514118052674	26.670050580056
3.191999912262	3.524586533135	26.887630029318
3.194000005722	3.5355340227831	27.105900765202
3.1960000991821	3.5469711617465	27.324844906328
3.1979999542236	3.5588941822722	27.544434113546
3.2000000476837	3.5713125683712	27.764682706929
3.2019999027252	3.5842264158333	27.985561225454
3.2039999961853	3.5976350948172	28.207071481708
3.2060000896454	3.6115387740895	28.429204049588
3.2079999446869	3.6259307732403	28.651930149654
3.210000038147	3.6408096684148	28.87525855772
3.2119998931885	3.6561774136573	29.099170413306
3.2139999866486	3.6720173362283	29.323665593368
3.2160000801086	3.6883156379176	29.548726820815
3.2179999351501	3.7050813970589	29.774341784245
3.2200000286102	3.7222836441325	30.000517949068
3.2219998836517	3.7399203631841	30.227235828504
3.2239999771118	3.7579813846438	30.454504630862
3.2260000705719	3.7764456786528	30.682306231922
3.2279999256134	3.7952959624179	30.910640737686
3.2300000190735	3.8145227029121	31.139516353178
3.2320001125336	3.8341055926084	31.368926946664
3.2339999675751	3.8540163000795	31.598860683468
3.2360000610352	3.8742538154784	31.829353588787
3.2379999160767	3.8947791592917	32.060374044952
3.2400000095367	3.9155859844834	32.291958342187
3.2420001029968	3.9366390002691	32.524100258351
3.2439999580383	3.9579294603054	32.756802449961
3.2460000514984	3.9794275170611	32.990088838458
3.2479999065399	4.0011189618293	33.223973000111
3.25	4.0229724709463	33.458467141527
3.2520000934601	4.0449738739197	33.693596853675
3.2539999485016	4.067096563872	33.929363587214
3.2560000419617	4.0893189296511	34.16581287799
3.2579998970032	4.1116294332546	34.402945590879
3.2599999904633	4.133996528849	34.640806850628
3.2620000839233	4.1564035060081	34.879417827586
3.2639999389648	4.1788322200076	35.118791697696
3.2660000324249	4.2012768162269	35.358994471402
3.2679998874664	4.2236999741473	35.600018479623
3.2699999809265	4.2461065287832	35.841934148881
3.2720000743866	4.2684656233044	36.08477132134
3.2739999294281	4.2907795066841	36.328535617325
3.2760000228882	4.3130363354949	36.573285607545
3.2780001163483	4.335226803356	36.819103972752
3.2799999713898	4.3573337383683	37.065954700946
3.2820000648499	4.379366500032	37.313959185183
3.2839999198914	4.4013122338488	37.563095202314
3.2860000133514	4.4231756936721	37.813451676969
3.2880001068115	4.4449588412826	38.065055796621
3.289999961853	4.4666636009272	38.317982364134
3.2920000553131	4.4882959203918	38.572228025876
3.2939999103546	4.5098590682742	38.827852915563
3.2960000038147	4.5313763528934	39.084962988416
3.2980000972748	4.5528499410212	39.343550163979
3.2999999523163	4.5742973472145	39.60365923132
3.3020000457764	4.5957395240897	39.865383073473
3.3039999008179	4.6171899748196	40.128707410972
3.305999994278	4.6386752156884	40.393721014483
3.308000087738	4.6602213478194	40.660479398375
3.3099999427795	4.6818490391201	40.928993426288
3.3120000362396	4.7035924192749	41.199318289006
3.3139998912811	4.7254764731385	41.471499812416
3.3159999847412	4.747537328076	41.745572686941
3.3180000782013	4.7698066680081	42.021598093381
3.3199999332428	4.7923296300845	42.299623760641
3.3220000267029	4.8151365616718	42.579652223933
3.3239998817444	4.838258829258	42.861709152436
3.3259999752045	4.8617559655981	43.145859552816
3.3280000686646	4.8856547759876	43.432158170481
3.3299999237061	4.9100058662309	43.720557066612
3.3320000171661	4.9348529799735	44.011163654649
3.3340001106262	4.9602407416659	44.303972990255
3.3359999656677	4.9862146610688	44.599004085372
3.3380000591278	5.0128155911763	44.896277405683
3.3399999141693	5.0400952531589	45.195800740304
3.3420000076294	5.0681032399119	45.497625317054
3.3440001010895	5.096897303058	45.801761016998
3.345999956131	5.1264951265422	46.10817708739
3.3480000495911	5.1569637175342	46.416930041551
3.3499999046326	5.1883328702792	46.727984171735
3.3519999980927	5.2206653358155	47.041390131065
3.3540000915527	5.2540066540702	47.357124689867
3.3559999465942	5.2883784531461	47.675179323363
3.3580000400543	5.3238531542135	47.995592527044
3.3599998950958	5.3604439258026	48.318316744594
3.3619999885559	5.3981928217711	48.643376680179
3.364000082016	5.4371516043234	48.970759398179
3.3659999370575	5.4773468513645	49.300440374581
3.3680000305176	5.5188072830298	49.632421055721
3.3699998855591	5.5615714508439	49.966685087797
3.3719999790192	5.6056659417005	50.303238889022
3.3740000724792	5.6511122059083	50.642055452016
3.3759999275208	5.6979381752951	50.983115811885
3.3780000209808	5.7461584496469	51.32641925459
3.3800001144409	5.7957930153506	51.671929230197
3.3819999694824	5.8468528958668	52.019642452665
3.3840000629425	5.8993609744782	52.369556198613
3.385999917984	5.953306790396	52.721618419099
3.3880000114441	6.0087079423786	53.075860276361
3.3900001049042	6.0655645358735	53.432242848611
3.3919999599457	6.1238689063251	53.790754991882
3.3940000534058	6.1836179000027	54.1513881656
3.3959999084473	6.2448052652744	54.514127332073
3.3980000019073	6.3074191433926	54.878988696709
3.4000000953674	6.3714427201321	55.245943899281
3.4019999504089	6.4368489239852	55.614977682708
3.404000043869	6.5036303954165	55.986134347528
3.4059998989105	6.5717669065016	56.359372289385
3.4079999923706	6.6412163001359	56.734743615656
3.4100000858307	6.7119499820207	57.112220818965
3.4119999408722	6.7839468338702	57.491827189336
3.4140000343323	6.8571651713362	57.873597556247
3.4159998893738	6.9315661408538	58.257533224362
3.4179999828339	7.0071164490727	58.643696926403
3.4200000762939	7.08378663216	59.032086425435
3.4219999313354	7.1615082946419	59.422754052773
3.4240000247955	7.2402668274229	59.815761671735
3.4260001182556	7.3200067790771	60.211131908903
3.4279999732971	7.4006852906	60.608928150271
3.4300000667572	7.4822652060411	61.009219604404
3.4319999217987	7.5646987348168	61.412074408094
3.4340000152588	7.6479591754631	61.817590211072
3.4360001087189	7.7319906465001	62.225818271448
3.4379999637604	7.8167630664713	62.636837583804
3.4400000572205	7.9022313212961	63.05077970581
3.441999912262	7.9883797730594	63.467701018879
3.444000005722	8.0751652941184	63.887753069601
3.4460000991821	8.1625725621859	64.311040974514
3.4479999542236	8.2505630719393	64.737657580772
3.4500000476837	8.3391293764289	65.167769458895
3.4519999027252	8.4282514118252	65.601469362184
3.4539999961853	8.517931160578	66.038928156184
3.4560000896454	8.6081620552521	66.480293964751
3.4579999446869	8.6989245529597	66.925653466363
3.460000038147	8.7902633081184	67.375252467623
3.4619998931885	8.8821880488733	67.829194379197
3.4639999866486	8.9746958143612	68.28767059043
3.4660000801086	9.0678370819964	68.750832196272
3.4679999351501	9.1616485516319	69.218861045294
3.4700000286102	9.2561817172317	69.691972948786
3.4719998836517	9.3514763256237	70.170270104297
3.4739999771118	9.4476003216243	70.654001566027
3.4760000705719	9.5446369496909	71.143332488275
3.4779999256134	9.6426464970781	71.638453851524
3.4800000190735	9.741723474088	72.139580617549
3.4820001125336	9.8419857047675	72.64687630027
3.4839999675751	9.9435203791782	73.160518513011
3.4860000610352	10.046460241686	73.680747311623
3.4879999160767	10.150924584489	74.20772953204
3.4900000095367	10.25703264431	74.741683267099
3.4920001029968	10.364970552664	75.282801633822
3.4939999580383	10.474849394885	75.831214698103
3.4960000514984	10.586875200584	76.387220630898
3.4979999065399	10.701184427951	76.950900084777
3.5	10.818005943046	77.522550734815
