CST XY Data Exchange Format V2

Title    = S-Parameters
Xlabel   = Frequency / GHz
Ylabel   = dB

Curvelabel          = S1,1
Filename            = ^cS1(1)1(1).sig
Npoints             = 1001
Type                = 8
Subtype             = 16
Logfactor           = 20
Result type         = complex:none;impedance
View type           = Cartesian
Plot type           = Magnitude dB
Data/Title          = S-Parameters
X/Label             = Frequency
X/Unit              = GHz
Y/Unit              = 
Y/Logfactor         = 20
Plot/wrapHeuristics = 0

1.5	-0.95390772819519	-0.09361657500267	50.288286666563	0
1.5019999742508	-0.95413756370544	-0.093041948974133	50.288286666563	0
1.5039999485016	-0.95435106754303	-0.092439264059067	50.288286666563	0
1.5060000419617	-0.95454561710358	-0.091810882091522	50.288286666563	0
1.5080000162125	-0.95471841096878	-0.091158948838711	50.288286666563	0
1.5099999904633	-0.95486730337143	-0.090486526489258	50.288286666563	0
1.5119999647141	-0.95499002933502	-0.089796483516693	50.288286666563	0
1.5140000581741	-0.95508515834808	-0.089092329144478	50.288286666563	0
1.5160000324249	-0.95515155792236	-0.088376797735691	50.288286666563	0
1.5180000066757	-0.95518833398819	-0.087653793394566	50.288286666563	0
1.5199999809265	-0.95519512891769	-0.086926534771919	50.288286666563	0
1.5219999551773	-0.95517176389694	-0.086198523640633	50.288286666563	0
1.5240000486374	-0.95511883497238	-0.085473537445068	50.288286666563	0
1.5260000228882	-0.95503705739975	-0.084754250943661	50.288286666563	0
1.527999997139	-0.95492762327194	-0.084044136106968	50.288286666563	0
1.5299999713898	-0.95479190349579	-0.083346262574196	50.288286666563	0
1.5319999456406	-0.95463198423386	-0.082663334906101	50.288286666563	0
1.5340000391006	-0.95444959402084	-0.081998161971569	50.288286666563	0
1.5360000133514	-0.95424735546112	-0.081352539360523	50.288286666563	0
1.5379999876022	-0.95402777194977	-0.08072867244482	50.288286666563	0
1.539999961853	-0.95379382371902	-0.080128133296967	50.288286666563	0
1.5420000553131	-0.95354813337326	-0.079552568495274	50.288286666563	0
1.5440000295639	-0.95329409837723	-0.079002313315868	50.288286666563	0
1.5460000038147	-0.95303457975388	-0.078478276729584	50.288286666563	0
1.5479999780655	-0.95277273654938	-0.077980607748032	50.288286666563	0
1.5499999523163	-0.95251178741455	-0.077509135007858	50.288286666563	0
1.5520000457764	-0.95225477218628	-0.077063582837582	50.288286666563	0
1.5540000200272	-0.95200455188751	-0.076642721891403	50.288286666563	0
1.555999994278	-0.95176410675049	-0.076245576143265	50.288286666563	0
1.5579999685287	-0.95153588056564	-0.075870558619499	50.288286666563	0
1.5599999427795	-0.9513224363327	-0.075516127049923	50.288286666563	0
1.5620000362396	-0.95112603902817	-0.075180158019066	50.288286666563	0
1.5640000104904	-0.95094859600067	-0.074860133230686	50.288286666563	0
1.5659999847412	-0.95079153776169	-0.074553944170475	50.288286666563	0
1.567999958992	-0.95065653324127	-0.07425881177187	50.288286666563	0
1.5700000524521	-0.95054453611374	-0.073972292244434	50.288286666563	0
1.5720000267029	-0.95045614242554	-0.07369115203619	50.288286666563	0
1.5740000009537	-0.95039188861847	-0.073412798345089	50.288286666563	0
1.5759999752045	-0.95035171508789	-0.073134325444698	50.288286666563	0
1.5779999494553	-0.95033544301987	-0.072852894663811	50.288286666563	0
1.5800000429153	-0.95034235715866	-0.072566092014313	50.288286666563	0
1.5820000171661	-0.95037162303925	-0.072270728647709	50.288286666563	0
1.5839999914169	-0.95042222738266	-0.071964524686337	50.288286666563	0
1.5859999656677	-0.95049250125885	-0.071645110845566	50.288286666563	0
1.5880000591278	-0.95058071613312	-0.071310684084892	50.288286666563	0
1.5900000333786	-0.95068508386612	-0.0709587931633	50.288286666563	0
1.5920000076294	-0.950803399086	-0.070587992668152	50.288286666563	0
1.5939999818802	-0.9509334564209	-0.070196889340878	50.288286666563	0
1.595999956131	-0.95107269287109	-0.069784425199032	50.288286666563	0
1.5980000495911	-0.95121872425079	-0.069349817931652	50.288286666563	0
1.6000000238419	-0.95136892795563	-0.068892262876034	50.288286666563	0
1.6019999980927	-0.95152074098587	-0.068411648273468	50.288286666563	0
1.6039999723434	-0.95167154073715	-0.06790816038847	50.288286666563	0
1.6059999465942	-0.95181882381439	-0.067382015287876	50.288286666563	0
1.6080000400543	-0.95195996761322	-0.066834107041359	50.288286666563	0
1.6100000143051	-0.95209270715714	-0.06626508384943	50.288286666563	0
1.6119999885559	-0.95221501588821	-0.065676137804985	50.288286666563	0
1.6139999628067	-0.95232450962067	-0.065068796277046	50.288286666563	0
1.6160000562668	-0.95241945981979	-0.064444877207279	50.288286666563	0
1.6180000305176	-0.95249819755554	-0.063805863261223	50.288286666563	0
1.6200000047684	-0.95255929231644	-0.063153855502605	50.288286666563	0
1.6219999790192	-0.95260155200958	-0.062491130083799	50.288286666563	0
1.62399995327	-0.95262414216995	-0.061819821596146	50.288286666563	0
1.62600004673	-0.95262634754181	-0.061142463237047	50.288286666563	0
1.6280000209808	-0.95260775089264	-0.060461074113846	50.288286666563	0
1.6299999952316	-0.95256835222244	-0.059778191149235	50.288286666563	0
1.6319999694824	-0.95250815153122	-0.059096146374941	50.288286666563	0
1.6339999437332	-0.952427983284	-0.058417286723852	50.288286666563	0
1.6360000371933	-0.952328145504	-0.057744015008211	50.288286666563	0
1.6380000114441	-0.95220983028412	-0.057078041136265	50.288286666563	0
1.6399999856949	-0.95207417011261	-0.05642157047987	50.288286666563	0
1.6419999599457	-0.95192241668701	-0.055776350200176	50.288286666563	0
1.6440000534058	-0.95175635814667	-0.055144317448139	50.288286666563	0
1.6460000276566	-0.95157766342163	-0.054526399821043	50.288286666563	0
1.6480000019073	-0.95138823986053	-0.053924042731524	50.288286666563	0
1.6499999761581	-0.95119017362595	-0.05333823338151	50.288286666563	0
1.6519999504089	-0.95098543167114	-0.05276969447732	50.288286666563	0
1.654000043869	-0.95077615976334	-0.052219118922949	50.288286666563	0
1.6560000181198	-0.95056468248367	-0.051686301827431	50.288286666563	0
1.6579999923706	-0.95035308599472	-0.051171708852053	50.288286666563	0
1.6599999666214	-0.95014369487762	-0.050674390047789	50.288286666563	0
1.6619999408722	-0.94993835687637	-0.050194390118122	50.288286666563	0
1.6640000343323	-0.94973921775818	-0.04973055049777	50.288286666563	0
1.6660000085831	-0.94954812526703	-0.049282588064671	50.288286666563	0
1.6679999828339	-0.94936692714691	-0.048848494887352	50.288286666563	0
1.6699999570847	-0.94919717311859	-0.048427399247885	50.288286666563	0
1.6720000505447	-0.9490402340889	-0.048018217086792	50.288286666563	0
1.6740000247955	-0.94889748096466	-0.047617882490158	50.288286666563	0
1.6759999990463	-0.9487698674202	-0.047225248068571	50.288286666563	0
1.6779999732971	-0.94865828752518	-0.046838779002428	50.288286666563	0
1.6799999475479	-0.94856321811676	-0.046456258744001	50.288286666563	0
1.682000041008	-0.94848501682281	-0.046075873076916	50.288286666563	0
1.6840000152588	-0.94842386245728	-0.045695163309574	50.288286666563	0
1.6859999895096	-0.94837963581085	-0.045312326401472	50.288286666563	0
1.6879999637604	-0.94835186004639	-0.0449253693223	50.288286666563	0
1.6900000572205	-0.94834017753601	-0.044532626867294	50.288286666563	0
1.6920000314713	-0.94834351539612	-0.044131755828857	50.288286666563	0
1.694000005722	-0.94836121797562	-0.043721344321966	50.288286666563	0
1.6959999799728	-0.94839185476303	-0.043299749493599	50.288286666563	0
1.6979999542236	-0.94843417406082	-0.042865544557571	50.288286666563	0
1.7000000476837	-0.94848674535751	-0.0424176864326	50.288286666563	0
1.7020000219345	-0.94854789972305	-0.041954658925533	50.288286666563	0
1.7039999961853	-0.94861596822739	-0.041475847363472	50.288286666563	0
1.7059999704361	-0.94868910312653	-0.040980510413647	50.288286666563	0
1.7079999446869	-0.94876545667648	-0.040468223392963	50.288286666563	0
1.710000038147	-0.94884324073792	-0.039938930422068	50.288286666563	0
1.7120000123978	-0.9489204287529	-0.039392232894897	50.288286666563	0
1.7139999866486	-0.94899529218674	-0.038828503340483	50.288286666563	0
1.7159999608994	-0.9490659236908	-0.038248136639595	50.288286666563	0
1.7180000543594	-0.94913059473038	-0.037651963531971	50.288286666563	0
1.7200000286102	-0.94918763637543	-0.037040371447802	50.288286666563	0
1.722000002861	-0.94923555850983	-0.036414541304111	50.288286666563	0
1.7239999771118	-0.9492729306221	-0.035775601863861	50.288286666563	0
1.7259999513626	-0.94929844141006	-0.035124864429235	50.288286666563	0
1.7280000448227	-0.94931089878082	-0.034463971853256	50.288286666563	0
1.7300000190735	-0.94930970668793	-0.033794034272432	50.288286666563	0
1.7319999933243	-0.94929373264313	-0.03311687335372	50.288286666563	0
1.7339999675751	-0.9492626786232	-0.032434195280075	50.288286666563	0
1.7359999418259	-0.94921618700027	-0.031747695058584	50.288286666563	0
1.7380000352859	-0.94915407896042	-0.031059347093105	50.288286666563	0
1.7400000095367	-0.94907641410828	-0.030370481312275	50.288286666563	0
1.7419999837875	-0.94898337125778	-0.029683021828532	50.288286666563	0
1.7439999580383	-0.94887554645538	-0.028998618945479	50.288286666563	0
1.7460000514984	-0.94875371456146	-0.028319071978331	50.288286666563	0
1.7480000257492	-0.94861829280853	-0.027645476162434	50.288286666563	0
1.75	-0.94847059249878	-0.026979403570294	50.288286666563	0
1.7519999742508	-0.94831168651581	-0.02632213383913	50.288286666563	0
1.7539999485016	-0.94814282655716	-0.025674762204289	50.288286666563	0
1.7560000419617	-0.94796520471573	-0.025038441643119	50.288286666563	0
1.7580000162125	-0.9477806687355	-0.024413546547294	50.288286666563	0
1.7599999904633	-0.94759058952332	-0.023800890892744	50.288286666563	0
1.7619999647141	-0.94739639759064	-0.023200880736113	50.288286666563	0
1.7640000581741	-0.94720005989075	-0.022613951936364	50.288286666563	0
1.7660000324249	-0.94700288772583	-0.022039735689759	50.288286666563	0
1.7680000066757	-0.94680672883987	-0.021478278562427	50.288286666563	0
1.7699999809265	-0.946613073349	-0.020929245278239	50.288286666563	0
1.7719999551773	-0.94642359018326	-0.020392114296556	50.288286666563	0
1.7740000486374	-0.94623953104019	-0.019866395741701	50.288286666563	0
1.7760000228882	-0.94606238603592	-0.019350837916136	50.288286666563	0
1.777999997139	-0.94589340686798	-0.018844639882445	50.288286666563	0
1.7799999713898	-0.94573372602463	-0.018346669152379	50.288286666563	0
1.7819999456406	-0.94558441638947	-0.017855683341622	50.288286666563	0
1.7840000391006	-0.9454460144043	-0.017370516434312	50.288286666563	0
1.7860000133514	-0.94531947374344	-0.016889346763492	50.288286666563	0
1.7879999876022	-0.9452052116394	-0.016410879790783	50.288286666563	0
1.789999961853	-0.94510346651077	-0.015933582559228	50.288286666563	0
1.7920000553131	-0.94501459598541	-0.015456086955965	50.288286666563	0
1.7940000295639	-0.94493836164474	-0.014976455830038	50.288286666563	0
1.7960000038147	-0.94487446546555	-0.014493331313133	50.288286666563	0
1.7979999780655	-0.94482278823853	-0.014005240984261	50.288286666563	0
1.7999999523163	-0.94478261470795	-0.013510734774172	50.288286666563	0
1.8020000457764	-0.94475322961807	-0.013008665293455	50.288286666563	0
1.8040000200272	-0.94473379850388	-0.012497372925282	50.288286666563	0
1.805999994278	-0.94472336769104	-0.011975899338722	50.288286666563	0
1.8079999685287	-0.94472074508667	-0.011443228460848	50.288286666563	0
1.8099999427795	-0.94472473859787	-0.010898483917117	50.288286666563	0
1.8120000362396	-0.94473415613174	-0.010341124609113	50.288286666563	0
1.8140000104904	-0.94474738836288	-0.0097701689228415	50.288286666563	0
1.8159999847412	-0.94476330280304	-0.0091854026541114	50.288286666563	0
1.817999958992	-0.94478011131287	-0.0085865929722786	50.288286666563	0
1.8200000524521	-0.94479656219482	-0.0079738395288587	50.288286666563	0
1.8220000267029	-0.94481110572815	-0.007346851285547	50.288286666563	0
1.8240000009537	-0.94482231140137	-0.006706072948873	50.288286666563	0
1.8259999752045	-0.94482886791229	-0.0060519380494952	50.288286666563	0
1.8279999494553	-0.9448294043541	-0.0053850240074098	50.288286666563	0
1.8300000429153	-0.94482266902924	-0.0047062360681593	50.288286666563	0
1.8320000171661	-0.94480746984482	-0.0040160431526601	50.288286666563	0
1.8339999914169	-0.94478279352188	-0.0033156040590256	50.288286666563	0
1.8359999656677	-0.9447478055954	-0.0026060317177325	50.288286666563	0
1.8380000591278	-0.94470167160034	-0.0018886817852035	50.288286666563	0
1.8400000333786	-0.94464367628098	-0.0011644123587757	50.288286666563	0
1.8420000076294	-0.94457346200943	-0.00043476495193318	50.288286666563	0
1.8439999818802	-0.94449061155319	0.00029896679916419	50.288286666563	0
1.845999956131	-0.94439518451691	0.0010353357065469	50.288286666563	0
1.8480000495911	-0.94428682327271	0.0017728075617924	50.288286666563	0
1.8500000238419	-0.94416588544846	0.0025104186497629	50.288286666563	0
1.8519999980927	-0.94403266906738	0.0032466109842062	50.288286666563	0
1.8539999723434	-0.94388771057129	0.0039801117964089	50.288286666563	0
1.8559999465942	-0.94373148679733	0.0047097345814109	50.288286666563	0
1.8580000400543	-0.94356483221054	0.0054341000504792	50.288286666563	0
1.8600000143051	-0.9433885216713	0.0061526312492788	50.288286666563	0
1.8619999885559	-0.94320374727249	0.0068641500547528	50.288286666563	0
1.8639999628067	-0.94301134347916	0.007567863445729	50.288286666563	0
1.8660000562668	-0.94281250238419	0.0082629397511482	50.288286666563	0
1.8680000305176	-0.94260859489441	0.008949258364737	50.288286666563	0
1.8700000047684	-0.94240069389343	0.0096262227743864	50.288286666563	0
1.8719999790192	-0.94219040870667	0.010293618775904	50.288286666563	0
1.87399995327	-0.94197869300842	0.010951360687613	50.288286666563	0
1.87600004673	-0.94176709651947	0.01159930601716	50.288286666563	0
1.8780000209808	-0.94155687093735	0.012238144874573	50.288286666563	0
1.8799999952316	-0.94134926795959	0.012868019752204	50.288286666563	0
1.8819999694824	-0.94114553928375	0.013489487580955	50.288286666563	0
1.8839999437332	-0.94094663858414	0.014103178866208	50.288286666563	0
1.8860000371933	-0.94075381755829	0.014709687791765	50.288286666563	0
1.8880000114441	-0.94056797027588	0.015310275368392	50.288286666563	0
1.8899999856949	-0.94038987159729	0.015905795618892	50.288286666563	0
1.8919999599457	-0.9402202963829	0.016497328877449	50.288286666563	0
1.8940000534058	-0.94005972146988	0.017085822299123	50.288286666563	0
1.8960000276566	-0.93990874290466	0.017672892659903	50.288286666563	0
1.8980000019073	-0.93976753950119	0.018259601667523	50.288286666563	0
1.8999999761581	-0.93963640928268	0.018847180530429	50.288286666563	0
1.9019999504089	-0.93951517343521	0.019437033683062	50.288286666563	0
1.904000043869	-0.93940389156342	0.020030135288835	50.288286666563	0
1.9060000181198	-0.93930208683014	0.020628225058317	50.288286666563	0
1.9079999923706	-0.93920958042145	0.021232139319181	50.288286666563	0
1.9099999666214	-0.93912553787231	0.02184328250587	50.288286666563	0
1.9119999408722	-0.93904942274094	0.022462580353022	50.288286666563	0
1.9140000343323	-0.93898046016693	0.023090854287148	50.288286666563	0
1.9160000085831	-0.93891769647598	0.023729380220175	50.288286666563	0
1.9179999828339	-0.93886005878448	0.024378718808293	50.288286666563	0
1.9199999570847	-0.93880665302277	0.025039609521627	50.288286666563	0
1.9220000505447	-0.93875622749329	0.025712259113789	50.288286666563	0
1.9240000247955	-0.93870764970779	0.026397567242384	50.288286666563	0
1.9259999990463	-0.93865954875946	0.027095593512058	50.288286666563	0
1.9279999732971	-0.93861091136932	0.027806339785457	50.288286666563	0
1.9299999475479	-0.93856030702591	0.02852994389832	50.288286666563	0
1.932000041008	-0.93850660324097	0.029265923425555	50.288286666563	0
1.9340000152588	-0.93844848871231	0.030014380812645	50.288286666563	0
1.9359999895096	-0.93838512897491	0.030774723738432	50.288286666563	0
1.9379999637604	-0.9383150935173	0.031546372920275	50.288286666563	0
1.9400000572205	-0.93823748826981	0.03232841193676	50.288286666563	0
1.9420000314713	-0.93815159797668	0.033120464533567	50.288286666563	0
1.944000005722	-0.93805634975433	0.033921502530575	50.288286666563	0
1.9459999799728	-0.9379511475563	0.034730456769466	50.288286666563	0
1.9479999542236	-0.93783539533615	0.035546325147152	50.288286666563	0
1.9500000476837	-0.93770861625671	0.036367908120155	50.288286666563	0
1.9520000219345	-0.93757051229477	0.037194341421127	50.288286666563	0
1.9539999961853	-0.93742090463638	0.03802427649498	50.288286666563	0
1.9559999704361	-0.93725967407227	0.038856573402882	50.288286666563	0
1.9579999446869	-0.93708699941635	0.039690084755421	50.288286666563	0
1.960000038147	-0.93690305948257	0.040523428469896	50.288286666563	0
1.9620000123978	-0.93670827150345	0.041355933994055	50.288286666563	0
1.9639999866486	-0.93650299310684	0.042186316102743	50.288286666563	0
1.9659999608994	-0.93628793954849	0.043013632297516	50.288286666563	0
1.9680000543594	-0.93606370687485	0.043836690485477	50.288286666563	0
1.9700000286102	-0.93583124876022	0.044655129313469	50.288286666563	0
1.972000002861	-0.935591340065	0.045468028634787	50.288286666563	0
1.9739999771118	-0.93534511327744	0.046274807304144	50.288286666563	0
1.9759999513626	-0.9350933432579	0.047074962407351	50.288286666563	0
1.9780000448227	-0.93483740091324	0.047867987304926	50.288286666563	0
1.9800000190735	-0.93457818031311	0.048653926700354	50.288286666563	0
1.9819999933243	-0.93431693315506	0.049432661384344	50.288286666563	0
1.9839999675751	-0.93405485153198	0.050204113125801	50.288286666563	0
1.9859999418259	-0.93379300832748	0.050968535244465	50.288286666563	0
1.9880000352859	-0.93353253602982	0.051725998520851	50.288286666563	0
1.9900000095367	-0.93327444791794	0.052477322518826	50.288286666563	0
1.9919999837875	-0.93301969766617	0.053222935646772	50.288286666563	0
1.9939999580383	-0.93276941776276	0.053963411599398	50.288286666563	0
1.9960000514984	-0.93252420425415	0.054699402302504	50.288286666563	0
1.9980000257492	-0.93228489160538	0.055432189255953	50.288286666563	0
2	-0.93205231428146	0.056162465363741	50.288286666563	0
2.0020000934601	-0.93182688951492	0.056891083717346	50.288286666563	0
2.0039999485016	-0.93160879611969	0.057619713246822	50.288286666563	0
2.0060000419617	-0.93139886856079	0.058348655700684	50.288286666563	0
2.0079998970032	-0.93119668960571	0.059079967439175	50.288286666563	0
2.0099999904633	-0.93100249767303	0.059813883155584	50.288286666563	0
2.0120000839233	-0.93081641197205	0.060552094131708	50.288286666563	0
2.0139999389648	-0.93063789606094	0.061295982450247	50.288286666563	0
2.0160000324249	-0.93046671152115	0.06204592064023	50.288286666563	0
2.0179998874664	-0.93030250072479	0.062803857028484	50.288286666563	0
2.0199999809265	-0.93014454841614	0.063569828867912	50.288286666563	0
2.0220000743866	-0.9299920797348	0.064345382153988	50.288286666563	0
2.0239999294281	-0.92984437942505	0.065131507813931	50.288286666563	0
2.0260000228882	-0.92970049381256	0.065928317606449	50.288286666563	0
2.0280001163483	-0.92955946922302	0.066736869513988	50.288286666563	0
2.0299999713898	-0.92942035198212	0.067557901144028	50.288286666563	0
2.0320000648499	-0.92928194999695	0.068391256034374	50.288286666563	0
2.0339999198914	-0.92914319038391	0.069237872958183	50.288286666563	0
2.0360000133514	-0.92900294065475	0.070097044110298	50.288286666563	0
2.0380001068115	-0.92886012792587	0.070969395339489	50.288286666563	0
2.039999961853	-0.92871350049973	0.07185497879982	50.288286666563	0
2.0420000553131	-0.92856192588806	0.072752974927425	50.288286666563	0
2.0439999103546	-0.92840427160263	0.07366381585598	50.288286666563	0
2.0460000038147	-0.9282398223877	0.074586071074009	50.288286666563	0
2.0480000972748	-0.92806726694107	0.075519628822803	50.288286666563	0
2.0499999523163	-0.92788594961166	0.076464205980301	50.288286666563	0
2.0520000457764	-0.92769491672516	0.077418267726898	50.288286666563	0
2.0539999008179	-0.92749351263046	0.078381694853306	50.288286666563	0
2.055999994278	-0.92728132009506	0.079352781176567	50.288286666563	0
2.058000087738	-0.92705762386322	0.080330885946751	50.288286666563	0
2.0599999427795	-0.92682218551636	0.081315539777279	50.288286666563	0
2.0620000362396	-0.92657494544983	0.082304544746876	50.288286666563	0
2.0639998912811	-0.92631548643112	0.083297982811928	50.288286666563	0
2.0659999847412	-0.92604404687881	0.084293842315674	50.288286666563	0
2.0680000782013	-0.92576068639755	0.085291460156441	50.288286666563	0
2.0699999332428	-0.92546558380127	0.086290180683136	50.288286666563	0
2.0720000267029	-0.92515951395035	0.087288297712803	50.288286666563	0
2.0739998817444	-0.92484271526337	0.088285677134991	50.288286666563	0
2.0759999752045	-0.92451584339142	0.089280478656292	50.288286666563	0
2.0780000686646	-0.9241795539856	0.090272553265095	50.288286666563	0
2.0799999237061	-0.92383480072021	0.091261565685272	50.288286666563	0
2.0820000171661	-0.92348235845566	0.092246070504189	50.288286666563	0
2.0840001106262	-0.92312318086624	0.093226119875908	50.288286666563	0
2.0859999656677	-0.92275840044022	0.094201661646366	50.288286666563	0
2.0880000591278	-0.92238879203796	0.095171794295311	50.288286666563	0
2.0899999141693	-0.92201566696167	0.09613698720932	50.288286666563	0
2.0920000076294	-0.92163991928101	0.097096845507622	50.288286666563	0
2.0940001010895	-0.92126274108887	0.098051585257053	50.288286666563	0
2.095999956131	-0.92088514566422	0.099001973867416	50.288286666563	0
2.0980000495911	-0.92050802707672	0.099947787821293	50.288286666563	0
2.0999999046326	-0.92013227939606	0.1008902862668	50.288286666563	0
2.1019999980927	-0.91975891590118	0.10182918608189	50.288286666563	0
2.1040000915527	-0.91938894987106	0.10276566445827	50.288286666563	0
2.1059999465942	-0.91902273893356	0.10370117425919	50.288286666563	0
2.1080000400543	-0.91866099834442	0.10463570058346	50.288286666563	0
2.1099998950958	-0.91830426454544	0.10557086765766	50.288286666563	0
2.1119999885559	-0.91795301437378	0.10650721937418	50.288286666563	0
2.114000082016	-0.91760760545731	0.10744614899158	50.288286666563	0
2.1159999370575	-0.9172677397728	0.1083892211318	50.288286666563	0
2.1180000305176	-0.9169340133667	0.10933662205935	50.288286666563	0
2.1199998855591	-0.91660588979721	0.11029064655304	50.288286666563	0
2.1219999790192	-0.91628330945969	0.11125131696463	50.288286666563	0
2.1240000724792	-0.91596603393555	0.11222030967474	50.288286666563	0
2.1259999275208	-0.91565316915512	0.11319912225008	50.288286666563	0
2.1280000209808	-0.91534447669983	0.11418795585632	50.288286666563	0
2.1300001144409	-0.91503924131393	0.11518808454275	50.288286666563	0
2.1319999694824	-0.91473644971848	0.11620078235865	50.288286666563	0
2.1340000629425	-0.91443526744843	0.11722628772259	50.288286666563	0
2.135999917984	-0.91413480043411	0.11826561391354	50.288286666563	0
2.1380000114441	-0.913833796978	0.11931902170181	50.288286666563	0
2.1400001049042	-0.91353124380112	0.12038706243038	50.288286666563	0
2.1419999599457	-0.91322606801987	0.12147047370672	50.288286666563	0
2.1440000534058	-0.91291701793671	0.12256883084774	50.288286666563	0
2.1459999084473	-0.91260272264481	0.12368294596672	50.288286666563	0
2.1480000019073	-0.91228234767914	0.12481153011322	50.288286666563	0
2.1500000953674	-0.91195440292358	0.12595553696156	50.288286666563	0
2.1519999504089	-0.91161781549454	0.1271146684885	50.288286666563	0
2.154000043869	-0.91127157211304	0.12828800082207	50.288286666563	0
2.1559998989105	-0.91091454029083	0.12947523593903	50.288286666563	0
2.1579999923706	-0.91054594516754	0.1306749433279	50.288286666563	0
2.1600000858307	-0.91016465425491	0.13188737630844	50.288286666563	0
2.1619999408722	-0.90977001190186	0.13311180472374	50.288286666563	0
2.1640000343323	-0.90936142206192	0.13434663414955	50.288286666563	0
2.1659998893738	-0.90893816947937	0.13559088110924	50.288286666563	0
2.1679999828339	-0.90849995613098	0.13684374094009	50.288286666563	0
2.1700000762939	-0.90804648399353	0.13810428977013	50.288286666563	0
2.1719999313354	-0.90757715702057	0.13937175273895	50.288286666563	0
2.1740000247955	-0.90709269046783	0.14064410328865	50.288286666563	0
2.1760001182556	-0.90659248828888	0.14192071557045	50.288286666563	0
2.1779999732971	-0.90607696771622	0.1432014554739	50.288286666563	0
2.1800000667572	-0.90554654598236	0.14448387920856	50.288286666563	0
2.1819999217987	-0.90500158071518	0.14576822519302	50.288286666563	0
2.1840000152588	-0.90444266796112	0.14705240726471	50.288286666563	0
2.1860001087189	-0.90387046337128	0.1483365893364	50.288286666563	0
2.1879999637604	-0.90328568220139	0.14962017536163	50.288286666563	0
2.1900000572205	-0.90268939733505	0.15090161561966	50.288286666563	0
2.191999912262	-0.90208208560944	0.15218183398247	50.288286666563	0
2.194000005722	-0.90146505832672	0.15345878899097	50.288286666563	0
2.1960000991821	-0.90083914995193	0.15473394095898	50.288286666563	0
2.1979999542236	-0.90020555257797	0.15600599348545	50.288286666563	0
2.2000000476837	-0.89956516027451	0.15727531909943	50.288286666563	0
2.2019999027252	-0.89891904592514	0.15854281187057	50.288286666563	0
2.2039999961853	-0.89826828241348	0.15980772674084	50.288286666563	0
2.2060000896454	-0.89761388301849	0.16107077896595	50.288286666563	0
2.2079999446869	-0.89695644378662	0.16233368217945	50.288286666563	0
2.210000038147	-0.89629733562469	0.16359508037567	50.288286666563	0
2.2119998931885	-0.89563697576523	0.16485759615898	50.288286666563	0
2.2139999866486	-0.8949761390686	0.16612139344215	50.288286666563	0
2.2160000801086	-0.89431530237198	0.16738793253899	50.288286666563	0
2.2179999351501	-0.8936550617218	0.16865810751915	50.288286666563	0
2.2200000286102	-0.8929957151413	0.16993241012096	50.288286666563	0
2.2219998836517	-0.89233750104904	0.17121323943138	50.288286666563	0
2.2239999771118	-0.89168065786362	0.17250064015388	50.288286666563	0
2.2260000705719	-0.89102476835251	0.17379666864872	50.288286666563	0
2.2279999256134	-0.89036959409714	0.17510296404362	50.288286666563	0
2.2300000190735	-0.88971507549286	0.17641992866993	50.288286666563	0
2.2320001125336	-0.88906049728394	0.17774926126003	50.288286666563	0
2.2339999675751	-0.88840526342392	0.17909249663353	50.288286666563	0
2.2360000610352	-0.88774859905243	0.18045008182526	50.288286666563	0
2.2379999160767	-0.88708961009979	0.18182401359081	50.288286666563	0
2.2400000095367	-0.88642692565918	0.18321439623833	50.288286666563	0
2.2420001029968	-0.8857598900795	0.18462255597115	50.288286666563	0
2.2439999580383	-0.88508719205856	0.18604941666126	50.288286666563	0
2.2460000514984	-0.88440710306168	0.18749542534351	50.288286666563	0
2.2479999065399	-0.88371872901917	0.1889613866806	50.288286666563	0
2.25	-0.88302028179169	0.19044715166092	50.288286666563	0
2.2520000934601	-0.88231033086777	0.19195353984833	50.288286666563	0
2.2539999485016	-0.88158738613129	0.19348077476025	50.288286666563	0
2.2560000419617	-0.88085007667542	0.19502818584442	50.288286666563	0
2.2579998970032	-0.88009667396545	0.19659639894962	50.288286666563	0
2.2599999904633	-0.87932586669922	0.19818420708179	50.288286666563	0
2.2620000839233	-0.87853616476059	0.19979161024094	50.288286666563	0
2.2639999389648	-0.87772607803345	0.20141851902008	50.288286666563	0
2.2660000324249	-0.87689453363419	0.20306341350079	50.288286666563	0
2.2679998874664	-0.87604016065598	0.20472599565983	50.288286666563	0
2.2699999809265	-0.87516206502914	0.20640459656715	50.288286666563	0
2.2720000743866	-0.87425899505615	0.20809896290302	50.288286666563	0
2.2739999294281	-0.87333011627197	0.20980796217918	50.288286666563	0
2.2760000228882	-0.8723748922348	0.21152997016907	50.288286666563	0
2.2780001163483	-0.87139272689819	0.21326392889023	50.288286666563	0
2.2799999713898	-0.87038308382034	0.21500892937183	50.288286666563	0
2.2820000648499	-0.86934560537338	0.21676337718964	50.288286666563	0
2.2839999198914	-0.86828023195267	0.21852621436119	50.288286666563	0
2.2860000133514	-0.86718690395355	0.22029626369476	50.288286666563	0
2.2880001068115	-0.86606574058533	0.22207206487656	50.288286666563	0
2.289999961853	-0.86491703987122	0.22385302186012	50.288286666563	0
2.2920000553131	-0.86374139785767	0.22563743591309	50.288286666563	0
2.2939999103546	-0.86253899335861	0.22742521762848	50.288286666563	0
2.2960000038147	-0.86131060123444	0.22921489179134	50.288286666563	0
2.2980000972748	-0.86005711555481	0.2310057580471	50.288286666563	0
2.2999999523163	-0.85877883434296	0.23279795050621	50.288286666563	0
2.3020000457764	-0.85747712850571	0.23459027707577	50.288286666563	0
2.3039999008179	-0.85615247488022	0.23638333380222	50.288286666563	0
2.305999994278	-0.85480618476868	0.23817583918571	50.288286666563	0
2.308000087738	-0.85343903303146	0.23996855318546	50.288286666563	0
2.3099999427795	-0.85205173492432	0.2417619228363	50.288286666563	0
2.3120000362396	-0.85064536333084	0.24355584383011	50.288286666563	0
2.3139998912811	-0.84922081232071	0.24535119533539	50.288286666563	0
2.3159999847412	-0.84777855873108	0.2471484541893	50.288286666563	0
2.3180000782013	-0.84631955623627	0.24894841015339	50.288286666563	0
2.3199999332428	-0.84484398365021	0.25075247883797	50.288286666563	0
2.3220000267029	-0.84335279464722	0.252561211586	50.288286666563	0
2.3239998817444	-0.84184569120407	0.2543765604496	50.288286666563	0
2.3259999752045	-0.84032326936722	0.25619876384735	50.288286666563	0
2.3280000686646	-0.83878517150879	0.25803017616272	50.288286666563	0
2.3299999237061	-0.83723115921021	0.25987228751183	50.288286666563	0
2.3320000171661	-0.83566105365753	0.26172584295273	50.288286666563	0
2.3340001106262	-0.83407419919968	0.26359272003174	50.288286666563	0
2.3359999656677	-0.83246946334839	0.26547512412071	50.288286666563	0
2.3380000591278	-0.83084625005722	0.26737350225449	50.288286666563	0
2.3399999141693	-0.82920289039612	0.2692902982235	50.288286666563	0
2.3420000076294	-0.82753849029541	0.27122607827187	50.288286666563	0
2.3440001010895	-0.82585096359253	0.27318266034126	50.288286666563	0
2.345999956131	-0.82413876056671	0.27516135573387	50.288286666563	0
2.3480000495911	-0.82240003347397	0.27716282010078	50.288286666563	0
2.3499999046326	-0.82063233852386	0.2791885137558	50.288286666563	0
2.3519999980927	-0.81883376836777	0.28123873472214	50.288286666563	0
2.3540000915527	-0.81700170040131	0.28331416845322	50.288286666563	0
2.3559999465942	-0.81513345241547	0.28541612625122	50.288286666563	0
2.3580000400543	-0.81322681903839	0.28754377365112	50.288286666563	0
2.3599998950958	-0.81127882003784	0.28969770669937	50.288286666563	0
2.3619999885559	-0.80928683280945	0.29187732934952	50.288286666563	0
2.364000082016	-0.80724835395813	0.29408231377602	50.288286666563	0
2.3659999370575	-0.80516010522842	0.29631263017654	50.288286666563	0
2.3680000305176	-0.80301976203918	0.29856669902802	50.288286666563	0
2.3699998855591	-0.80082440376282	0.30084413290024	50.288286666563	0
2.3719999790192	-0.79857164621353	0.303142786026	50.288286666563	0
2.3740000724792	-0.79625862836838	0.30546191334724	50.288286666563	0
2.3759999275208	-0.79388296604156	0.30779987573624	50.288286666563	0
2.3780000209808	-0.79144257307053	0.31015428900719	50.288286666563	0
2.3800001144409	-0.78893518447876	0.31252336502075	50.288286666563	0
2.3819999694824	-0.78635835647583	0.31490570306778	50.288286666563	0
2.3840000629425	-0.78371065855026	0.31729811429977	50.288286666563	0
2.385999917984	-0.78099012374878	0.31969881057739	50.288286666563	0
2.3880000114441	-0.7781954407692	0.32210522890091	50.288286666563	0
2.3900001049042	-0.77532505989075	0.32451456785202	50.288286666563	0
2.3919999599457	-0.77237778902054	0.3269254565239	50.288286666563	0
2.3940000534058	-0.76935285329819	0.32933390140533	50.288286666563	0
2.3959999084473	-0.76624929904938	0.33173844218254	50.288286666563	0
2.3980000019073	-0.76306653022766	0.33413627743721	50.288286666563	0
2.4000000953674	-0.75980406999588	0.33652499318123	50.288286666563	0
2.4019999504089	-0.75646126270294	0.3389028608799	50.288286666563	0
2.404000043869	-0.75303846597672	0.34126687049866	50.288286666563	0
2.4059998989105	-0.74953508377075	0.34361556172371	50.288286666563	0
2.4079999923706	-0.74595141410828	0.34594655036926	50.288286666563	0
2.4100000858307	-0.74228727817535	0.34825810790062	50.288286666563	0
2.4119999408722	-0.73854261636734	0.35054928064346	50.288286666563	0
2.4140000343323	-0.73471790552139	0.35281759500504	50.288286666563	0
2.4159998893738	-0.73081266880035	0.35506269335747	50.288286666563	0
2.4179999828339	-0.72682726383209	0.35728260874748	50.288286666563	0
2.4200000762939	-0.72276169061661	0.35947650671005	50.288286666563	0
2.4219999313354	-0.71861529350281	0.36164399981499	50.288286666563	0
2.4240000247955	-0.71438813209534	0.36378380656242	50.288286666563	0
2.4260001182556	-0.71007949113846	0.3658954501152	50.288286666563	0
2.4279999732971	-0.70568871498108	0.36797857284546	50.288286666563	0
2.4300000667572	-0.70121496915817	0.37003242969513	50.288286666563	0
2.4319999217987	-0.69665676355362	0.37205705046654	50.288286666563	0
2.4340000152588	-0.69201302528381	0.37405124306679	50.288286666563	0
2.4360001087189	-0.68728196620941	0.37601521611214	50.288286666563	0
2.4379999637604	-0.68246132135391	0.37794840335846	50.288286666563	0
2.4400000572205	-0.67754924297333	0.37984952330589	50.288286666563	0
2.441999912262	-0.67254269123077	0.38171827793121	50.288286666563	0
2.444000005722	-0.66743916273117	0.38355353474617	50.288286666563	0
2.4460000991821	-0.66223514080048	0.38535416126251	50.288286666563	0
2.4479999542236	-0.65692716836929	0.38711872696877	50.288286666563	0
2.4500000476837	-0.65151166915894	0.38884493708611	50.288286666563	0
2.4519999027252	-0.64598447084427	0.39053118228912	50.288286666563	0
2.4539999961853	-0.6403414607048	0.39217421412468	50.288286666563	0
2.4560000896454	-0.63457816839218	0.39377096295357	50.288286666563	0
2.4579999446869	-0.62869000434875	0.39531797170639	50.288286666563	0
2.460000038147	-0.62267249822617	0.39681077003479	50.288286666563	0
2.4619998931885	-0.61652058362961	0.39824509620667	50.288286666563	0
2.4639999866486	-0.61022961139679	0.39961498975754	50.288286666563	0
2.4660000801086	-0.60379505157471	0.40091463923454	50.288286666563	0
2.4679999351501	-0.59721213579178	0.40213736891747	50.288286666563	0
2.4700000286102	-0.59047651290894	0.40327554941177	50.288286666563	0
2.4719998836517	-0.58358418941498	0.404321372509	50.288286666563	0
2.4739999771118	-0.57653099298477	0.40526583790779	50.288286666563	0
2.4760000705719	-0.56931376457214	0.40609949827194	50.288286666563	0
2.4779999256134	-0.56192898750305	0.40681245923042	50.288286666563	0
2.4800000190735	-0.5543749332428	0.40739345550537	50.288286666563	0
2.4820001125336	-0.54664933681488	0.40783122181892	50.288286666563	0
2.4839999675751	-0.53875070810318	0.40811398625374	50.288286666563	0
2.4860000610352	-0.53067928552628	0.40822857618332	50.288286666563	0
2.4879999160767	-0.52243489027023	0.40816232562065	50.288286666563	0
2.4900000095367	-0.51401925086975	0.40790110826492	50.288286666563	0
2.4920001029968	-0.5054344534874	0.40743127465248	50.288286666563	0
2.4939999580383	-0.49668353796005	0.40673822164536	50.288286666563	0
2.4960000514984	-0.48777130246162	0.40580749511719	50.288286666563	0
2.4979999065399	-0.47870272397995	0.40462422370911	50.288286666563	0
2.5	-0.46948501467705	0.40317305922508	50.288286666563	0
2.5020000934601	-0.46012553572655	0.40143951773643	50.288286666563	0
2.5039999485016	-0.45063331723213	0.39940908551216	50.288286666563	0
2.5060000419617	-0.44101893901825	0.39706647396088	50.288286666563	0
2.5079998970032	-0.43129378557205	0.39439767599106	50.288286666563	0
2.5099999904633	-0.42147079110146	0.39138853549957	50.288286666563	0
2.5120000839233	-0.41156381368637	0.38802599906921	50.288286666563	0
2.5139999389648	-0.40158805251122	0.38429719209671	50.288286666563	0
2.5160000324249	-0.39156040549278	0.38018968701363	50.288286666563	0
2.5179998874664	-0.3814979493618	0.37569269537926	50.288286666563	0
2.5199999809265	-0.37141987681389	0.37079584598541	50.288286666563	0
2.5220000743866	-0.36134591698647	0.3654896914959	50.288286666563	0
2.5239999294281	-0.35129657387733	0.35976645350456	50.288286666563	0
2.5260000228882	-0.34129390120506	0.35361921787262	50.288286666563	0
2.5280001163483	-0.33136042952538	0.34704223275185	50.288286666563	0
2.5299999713898	-0.32151925563812	0.34003183245659	50.288286666563	0
2.5320000648499	-0.31179451942444	0.33258503675461	50.288286666563	0
2.5339999198914	-0.302210688591	0.32470083236694	50.288286666563	0
2.5360000133514	-0.29279261827469	0.31638005375862	50.288286666563	0
2.5380001068115	-0.28356552124023	0.30762454867363	50.288286666563	0
2.539999961853	-0.27455466985703	0.29843863844872	50.288286666563	0
2.5420000553131	-0.26578569412231	0.2888278067112	50.288286666563	0
2.5439999103546	-0.25728365778923	0.27879953384399	50.288286666563	0
2.5460000038147	-0.24907404184341	0.2683627307415	50.288286666563	0
2.5480000972748	-0.24118129909039	0.25752863287926	50.288286666563	0
2.5499999523163	-0.23362968862057	0.24631001055241	50.288286666563	0
2.5520000457764	-0.22644303739071	0.23472087085247	50.288286666563	0
2.5539999008179	-0.21964393556118	0.22277776896954	50.288286666563	0
2.555999994278	-0.21325460076332	0.21049799025059	50.288286666563	0
2.558000087738	-0.20729576051235	0.19790104031563	50.288286666563	0
2.5599999427795	-0.20178718864918	0.18500775098801	50.288286666563	0
2.5620000362396	-0.19674751162529	0.17184008657932	50.288286666563	0
2.5639998912811	-0.19219371676445	0.1584217697382	50.288286666563	0
2.5659999847412	-0.18814152479172	0.14477747678757	50.288286666563	0
2.5680000782013	-0.18460495769978	0.1309329867363	50.288286666563	0
2.5699999332428	-0.18159632384777	0.11691531538963	50.288286666563	0
2.5720000267029	-0.1791263371706	0.10275205224752	50.288286666563	0
2.5739998817444	-0.17720377445221	0.088471718132496	50.288286666563	0
2.5759999752045	-0.1758356243372	0.074103266000748	50.288286666563	0
2.5780000686646	-0.17502687871456	0.059676289558411	50.288286666563	0
2.5799999237061	-0.17478063702583	0.045220665633678	50.288286666563	0
2.5820000171661	-0.17509804666042	0.03076634183526	50.288286666563	0
2.5840001106262	-0.17597825825214	0.016343288123608	50.288286666563	0
2.5859999656677	-0.17741839587688	0.0019816008862108	50.288286666563	0
2.5880000591278	-0.17941373586655	-0.012289338745177	50.288286666563	0
2.5899999141693	-0.18195755779743	-0.026440152898431	50.288286666563	0
2.5920000076294	-0.18504129350185	-0.040442362427711	50.288286666563	0
2.5940001010895	-0.18865445256233	-0.054267976433039	50.288286666563	0
2.595999956131	-0.19278495013714	-0.067889839410782	50.288286666563	0
2.5980000495911	-0.19741874933243	-0.081281915307045	50.288286666563	0
2.5999999046326	-0.20254050195217	-0.094419129192829	50.288286666563	0
2.6019999980927	-0.20813301205635	-0.10727772116661	50.288286666563	0
2.6040000915527	-0.21417792141438	-0.11983510106802	50.288286666563	0
2.6059999465942	-0.2206554710865	-0.13207007944584	50.288286666563	0
2.6080000400543	-0.22754463553429	-0.14396321773529	50.288286666563	0
2.6099998950958	-0.23482351005077	-0.15549622476101	50.288286666563	0
2.6119999885559	-0.24246898293495	-0.16665282845497	50.288286666563	0
2.614000082016	-0.25045731663704	-0.17741832137108	50.288286666563	0
2.6159999370575	-0.25876417756081	-0.18777945637703	50.288286666563	0
2.6180000305176	-0.26736438274384	-0.1977252215147	50.288286666563	0
2.6199998855591	-0.27623265981674	-0.20724587142467	50.288286666563	0
2.6219999790192	-0.28534328937531	-0.21633398532867	50.288286666563	0
2.6240000724792	-0.2946705520153	-0.22498345375061	50.288286666563	0
2.6259999275208	-0.30418875813484	-0.23319008946419	50.288286666563	0
2.6280000209808	-0.31387206912041	-0.24095167219639	50.288286666563	0
2.6300001144409	-0.3236953318119	-0.2482673227787	50.288286666563	0
2.6319999694824	-0.33363369107246	-0.25513789057732	50.288286666563	0
2.6340000629425	-0.34366247057915	-0.26156631112099	50.288286666563	0
2.635999917984	-0.35375815629959	-0.26755610108376	50.288286666563	0
2.6380000114441	-0.36389744281769	-0.27311328053474	50.288286666563	0
2.6400001049042	-0.37405821681023	-0.27824455499649	50.288286666563	0
2.6419999599457	-0.38421937823296	-0.28295794129372	50.288286666563	0
2.6440000534058	-0.39436027407646	-0.2872631251812	50.288286666563	0
2.6459999084473	-0.40446203947067	-0.29117023944855	50.288286666563	0
2.6480000019073	-0.41450625658035	-0.2946911752224	50.288286666563	0
2.6500000953674	-0.42447626590729	-0.29783788323402	50.288286666563	0
2.6519999504089	-0.43435636162758	-0.30062356591225	50.288286666563	0
2.654000043869	-0.44413197040558	-0.30306214094162	50.288286666563	0
2.6559998989105	-0.45379018783569	-0.30516764521599	50.288286666563	0
2.6579999923706	-0.46331888437271	-0.30695512890816	50.288286666563	0
2.6600000858307	-0.47270765900612	-0.30843949317932	50.288286666563	0
2.6619999408722	-0.4819473028183	-0.30963599681854	50.288286666563	0
2.6640000343323	-0.49102962017059	-0.3105600476265	50.288286666563	0
2.6659998893738	-0.49994805455208	-0.31122702360153	50.288286666563	0
2.6679999828339	-0.50869661569595	-0.31165260076523	50.288286666563	0
2.6700000762939	-0.51727145910263	-0.31185138225555	50.288286666563	0
2.6719999313354	-0.52566891908646	-0.31183844804764	50.288286666563	0
2.6740000247955	-0.53388679027557	-0.31162863969803	50.288286666563	0
2.6760001182556	-0.54192388057709	-0.3112356364727	50.288286666563	0
2.6779999732971	-0.54978013038635	-0.31067314743996	50.288286666563	0
2.6800000667572	-0.55745577812195	-0.30995461344719	50.288286666563	0
2.6819999217987	-0.56495237350464	-0.30909192562103	50.288286666563	0
2.6840000152588	-0.57227182388306	-0.30809772014618	50.288286666563	0
2.6860001087189	-0.5794170498848	-0.30698263645172	50.288286666563	0
2.6879999637604	-0.58639121055603	-0.30575719475746	50.288286666563	0
2.6900000572205	-0.59319800138474	-0.30443173646927	50.288286666563	0
2.691999912262	-0.59984177350998	-0.30301451683044	50.288286666563	0
2.694000005722	-0.60632699728012	-0.30151426792145	50.288286666563	0
2.6960000991821	-0.61265814304352	-0.299939006567	50.288286666563	0
2.6979999542236	-0.61884051561356	-0.29829502105713	50.288286666563	0
2.7000000476837	-0.62487900257111	-0.29658862948418	50.288286666563	0
2.7019999027252	-0.63077902793884	-0.29482516646385	50.288286666563	0
2.7039999961853	-0.63654500246048	-0.29300999641418	50.288286666563	0
2.7060000896454	-0.64218240976334	-0.29114708304405	50.288286666563	0
2.7079999446869	-0.64769625663757	-0.28923970460892	50.288286666563	0
2.710000038147	-0.65309089422226	-0.28729155659676	50.288286666563	0
2.7119998931885	-0.65837109088898	-0.28530490398407	50.288286666563	0
2.7139999866486	-0.66354101896286	-0.28328210115433	50.288286666563	0
2.7160000801086	-0.66860473155975	-0.28122475743294	50.288286666563	0
2.7179999351501	-0.67356610298157	-0.27913397550583	50.288286666563	0
2.7200000286102	-0.67842811346054	-0.27701160311699	50.288286666563	0
2.7219998836517	-0.68319427967072	-0.27485752105713	50.288286666563	0
2.7239999771118	-0.68786704540253	-0.27267295122147	50.288286666563	0
2.7260000705719	-0.69244891405106	-0.27045866847038	50.288286666563	0
2.7279999256134	-0.69694197177887	-0.26821410655975	50.288286666563	0
2.7300000190735	-0.7013481259346	-0.26594012975693	50.288286666563	0
2.7320001125336	-0.70566833019257	-0.26363751292229	50.288286666563	0
2.7339999675751	-0.7099044919014	-0.2613051533699	50.288286666563	0
2.7360000610352	-0.7140571475029	-0.25894409418106	50.288286666563	0
2.7379999160767	-0.71812689304352	-0.2565546631813	50.288286666563	0
2.7400000095367	-0.72211384773254	-0.25413832068443	50.288286666563	0
2.7420001029968	-0.72601896524429	-0.25169429183006	50.288286666563	0
2.7439999580383	-0.72984212636948	-0.24922323226929	50.288286666563	0
2.7460000514984	-0.73358291387558	-0.24672754108906	50.288286666563	0
2.7479999065399	-0.73724174499512	-0.24420684576035	50.288286666563	0
2.75	-0.74081790447235	-0.241663813591	50.288286666563	0
2.7520000934601	-0.74431151151657	-0.23909913003445	50.288286666563	0
2.7539999485016	-0.74772262573242	-0.23651377856731	50.288286666563	0
2.7560000419617	-0.75105047225952	-0.23391117155552	50.288286666563	0
2.7579998970032	-0.75429546833038	-0.23129196465015	50.288286666563	0
2.7599999904633	-0.75745713710785	-0.22865967452526	50.288286666563	0
2.7620000839233	-0.76053613424301	-0.22601537406445	50.288286666563	0
2.7639999389648	-0.76353240013123	-0.22336195409298	50.288286666563	0
2.7660000324249	-0.76644629240036	-0.22070226073265	50.288286666563	0
2.7679998874664	-0.76927870512009	-0.21803782880306	50.288286666563	0
2.7699999809265	-0.77202999591827	-0.21537306904793	50.288286666563	0
2.7720000743866	-0.77470147609711	-0.21270912885666	50.288286666563	0
2.7739999294281	-0.77729433774948	-0.21004910767078	50.288286666563	0
2.7760000228882	-0.77980995178223	-0.20739598572254	50.288286666563	0
2.7780001163483	-0.78224968910217	-0.20475202798843	50.288286666563	0
2.7799999713898	-0.7846155166626	-0.20212042331696	50.288286666563	0
2.7820000648499	-0.78690946102142	-0.19950258731842	50.288286666563	0
2.7839999198914	-0.78913378715515	-0.19690132141113	50.288286666563	0
2.7860000133514	-0.79129064083099	-0.19431918859482	50.288286666563	0
2.7880001068115	-0.79338264465332	-0.19175772368908	50.288286666563	0
2.789999961853	-0.79541260004044	-0.18921868503094	50.288286666563	0
2.7920000553131	-0.79738301038742	-0.18670390546322	50.288286666563	0
2.7939999103546	-0.79929709434509	-0.18421438336372	50.288286666563	0
2.7960000038147	-0.80115753412247	-0.1817515194416	50.288286666563	0
2.7980000972748	-0.80296742916107	-0.17931626737118	50.288286666563	0
2.7999999523163	-0.80472987890244	-0.17690876126289	50.288286666563	0
2.8020000457764	-0.80644768476486	-0.17453047633171	50.288286666563	0
2.8039999008179	-0.8081242442131	-0.17218011617661	50.288286666563	0
2.805999994278	-0.80976206064224	-0.16985878348351	50.288286666563	0
2.808000087738	-0.81136429309845	-0.16756582260132	50.288286666563	0
2.8099999427795	-0.81293368339539	-0.16529999673367	50.288286666563	0
2.8120000362396	-0.81447267532349	-0.16306142508984	50.288286666563	0
2.8139998912811	-0.81598407030106	-0.16084852814674	50.288286666563	0
2.8159999847412	-0.81746995449066	-0.15866063535213	50.288286666563	0
2.8180000782013	-0.81893253326416	-0.15649609267712	50.288286666563	0
2.8199999332428	-0.82037383317947	-0.15435336530209	50.288286666563	0
2.8220000267029	-0.82179552316666	-0.15223142504692	50.288286666563	0
2.8239998817444	-0.82319915294647	-0.15012785792351	50.288286666563	0
2.8259999752045	-0.82458603382111	-0.14804154634476	50.288286666563	0
2.8280000686646	-0.82595705986023	-0.14597043395042	50.288286666563	0
2.8299999237061	-0.82731336355209	-0.1439124494791	50.288286666563	0
2.8320000171661	-0.82865542173386	-0.14186616241932	50.288286666563	0
2.8340001106262	-0.82998353242874	-0.13982951641083	50.288286666563	0
2.8359999656677	-0.83129793405533	-0.13780069351196	50.288286666563	0
2.8380000591278	-0.83259862661362	-0.13577850162983	50.288286666563	0
2.8399999141693	-0.83388525247574	-0.13376061618328	50.288286666563	0
2.8420000076294	-0.83515751361847	-0.13174648582935	50.288286666563	0
2.8440001010895	-0.83641457557678	-0.12973420321941	50.288286666563	0
2.845999956131	-0.83765596151352	-0.1277224868536	50.288286666563	0
2.8480000495911	-0.83888059854507	-0.12571094930172	50.288286666563	0
2.8499999046326	-0.84008759260178	-0.12369787693024	50.288286666563	0
2.8519999980927	-0.84127587080002	-0.12168356031179	50.288286666563	0
2.8540000915527	-0.84244430065155	-0.11966716498137	50.288286666563	0
2.8559999465942	-0.84359174966812	-0.11764770746231	50.288286666563	0
2.8580000400543	-0.84471696615219	-0.11562652885914	50.288286666563	0
2.8599998950958	-0.84581875801086	-0.11360245943069	50.288286666563	0
2.8619999885559	-0.84689611196518	-0.11157670617104	50.288286666563	0
2.864000082016	-0.8479477763176	-0.1095492914319	50.288286666563	0
2.8659999370575	-0.8489727973938	-0.10752054303885	50.288286666563	0
2.8680000305176	-0.84997022151947	-0.10549230873585	50.288286666563	0
2.8699998855591	-0.85093945264816	-0.10346443206072	50.288286666563	0
2.8719999790192	-0.85187929868698	-0.10143921524286	50.288286666563	0
2.8740000724792	-0.85278964042664	-0.099416844546795	50.288286666563	0
2.8759999275208	-0.85367000102997	-0.097398869693279	50.288286666563	0
2.8780000209808	-0.85451996326447	-0.095387309789658	50.288286666563	0
2.8800001144409	-0.85533976554871	-0.093382991850376	50.288286666563	0
2.8819999694824	-0.85612916946411	-0.091387435793877	50.288286666563	0
2.8840000629425	-0.85688865184784	-0.089402459561825	50.288286666563	0
2.885999917984	-0.85761880874634	-0.087429098784924	50.288286666563	0
2.8880000114441	-0.85832017660141	-0.08546931296587	50.288286666563	0
2.8900001049042	-0.85899341106415	-0.083524242043495	50.288286666563	0
2.8919999599457	-0.85963970422745	-0.081594906747341	50.288286666563	0
2.8940000534058	-0.86026012897491	-0.079683378338814	50.288286666563	0
2.8959999084473	-0.86085593700409	-0.077789768576622	50.288286666563	0
2.8980000019073	-0.8614284992218	-0.075916141271591	50.288286666563	0
2.9000000953674	-0.86197930574417	-0.074062876403332	50.288286666563	0
2.9019999504089	-0.86251014471054	-0.072230100631714	50.288286666563	0
2.904000043869	-0.86302244663239	-0.070419400930405	50.288286666563	0
2.9059998989105	-0.86351817846298	-0.068630315363407	50.288286666563	0
2.9079999923706	-0.86399894952774	-0.066863797605038	50.288286666563	0
2.9100000858307	-0.86446666717529	-0.065119586884975	50.288286666563	0
2.9119999408722	-0.86492305994034	-0.063397265970707	50.288286666563	0
2.9140000343323	-0.86536991596222	-0.061696838587523	50.288286666563	0
2.9159998893738	-0.86580902338028	-0.060017541050911	50.288286666563	0
2.9179999828339	-0.86624181270599	-0.058359254151583	50.288286666563	0
2.9200000762939	-0.86667019128799	-0.05672062933445	50.288286666563	0
2.9219999313354	-0.86709541082382	-0.055100586265326	50.288286666563	0
2.9240000247955	-0.86751890182495	-0.0534982457757	50.288286666563	0
2.9260001182556	-0.86794179677963	-0.051912907510996	50.288286666563	0
2.9279999732971	-0.86836540699005	-0.050341848284006	50.288286666563	0
2.9300000667572	-0.8687903881073	-0.048784956336021	50.288286666563	0
2.9319999217987	-0.86921763420105	-0.047239907085896	50.288286666563	0
2.9340000152588	-0.8696476817131	-0.045706156641245	50.288286666563	0
2.9360001087189	-0.87008094787598	-0.044180974364281	50.288286666563	0
2.9379999637604	-0.87051767110825	-0.042663007974625	50.288286666563	0
2.9400000572205	-0.87095785140991	-0.041151337325573	50.288286666563	0
2.941999912262	-0.87140148878098	-0.039643246680498	50.288286666563	0
2.944000005722	-0.87184822559357	-0.038138497620821	50.288286666563	0
2.9460000991821	-0.87229734659195	-0.036634985357523	50.288286666563	0
2.9479999542236	-0.87274843454361	-0.035131011158228	50.288286666563	0
2.9500000476837	-0.87320095300674	-0.033625837415457	50.288286666563	0
2.9519999027252	-0.8736537694931	-0.032118018716574	50.288286666563	0
2.9539999961853	-0.8741055727005	-0.030607007443905	50.288286666563	0
2.9560000896454	-0.87455558776855	-0.029091233387589	50.288286666563	0
2.9579999446869	-0.87500274181366	-0.027570286765695	50.288286666563	0
2.960000038147	-0.8754455447197	-0.026043642312288	50.288286666563	0
2.9619998931885	-0.8758824467659	-0.024510769173503	50.288286666563	0
2.9639999866486	-0.87631261348724	-0.022971868515015	50.288286666563	0
2.9660000801086	-0.87673431634903	-0.02142664976418	50.288286666563	0
2.9679999351501	-0.87714624404907	-0.019874790683389	50.288286666563	0
2.9700000286102	-0.87754726409912	-0.018317263573408	50.288286666563	0
2.9719998836517	-0.87793588638306	-0.016753988340497	50.288286666563	0
2.9739999771118	-0.87831103801727	-0.015186169184744	50.288286666563	0
2.9760000705719	-0.8786718249321	-0.013614094816148	50.288286666563	0
2.9779999256134	-0.8790168762207	-0.012038418091834	50.288286666563	0
2.9800000190735	-0.87934547662735	-0.010460929945111	50.288286666563	0
2.9820001125336	-0.87965708971024	-0.0088822236284614	50.288286666563	0
2.9839999675751	-0.87995064258575	-0.0073035107925534	50.288286666563	0
2.9860000610352	-0.88022619485855	-0.0057263318449259	50.288286666563	0
2.9879999160767	-0.88048297166824	-0.0041516795754433	50.288286666563	0
2.9900000095367	-0.8807213306427	-0.0025812217500061	50.288286666563	0
2.9920001029968	-0.88094085454941	-0.0010166892316192	50.288286666563	0
2.9939999580383	-0.88114196062088	0.00054158625425771	50.288286666563	0
2.9960000514984	-0.88132518529892	0.0020912170875818	50.288286666563	0
2.9979999065399	-0.88149076700211	0.0036313615273684	50.288286666563	0
3	-0.88163959980011	0.0051605957560241	50.288286666563	0
3.0020000934601	-0.88177251815796	0.0066777491010725	50.288286666563	0
3.0039999485016	-0.88189023733139	0.008182187564671	50.288286666563	0
3.0060000419617	-0.88199436664581	0.0096721556037664	50.288286666563	0
3.0079998970032	-0.88208556175232	0.011147316545248	50.288286666563	0
3.0099999904633	-0.88216555118561	0.012606627307832	50.288286666563	0
3.0120000839233	-0.88223558664322	0.014049747958779	50.288286666563	0
3.0139999389648	-0.88229715824127	0.015476538799703	50.288286666563	0
3.0160000324249	-0.88235157728195	0.016886256635189	50.288286666563	0
3.0179998874664	-0.88240081071854	0.018279131501913	50.288286666563	0
3.0199999809265	-0.88244593143463	0.019655091688037	50.288286666563	0
3.0220000743866	-0.88248854875565	0.021014034748077	50.288286666563	0
3.0239999294281	-0.88253027200699	0.022357478737831	50.288286666563	0
3.0260000228882	-0.88257271051407	0.023685121908784	50.288286666563	0
3.0280001163483	-0.88261675834656	0.024997575208545	50.288286666563	0
3.0299999713898	-0.88266402482986	0.026296375319362	50.288286666563	0
3.0320000648499	-0.88271564245224	0.027582507580519	50.288286666563	0
3.0339999198914	-0.88277244567871	0.028856510296464	50.288286666563	0
3.0360000133514	-0.88283556699753	0.03012009523809	50.288286666563	0
3.0380001068115	-0.88290584087372	0.03137432038784	50.288286666563	0
3.039999961853	-0.88298356533051	0.032620918005705	50.288286666563	0
3.0420000553131	-0.88306939601898	0.033861011266708	50.288286666563	0
3.0439999103546	-0.88316369056702	0.035096902400255	50.288286666563	0
3.0460000038147	-0.88326632976532	0.036328841000795	50.288286666563	0
3.0480000972748	-0.88337755203247	0.037559166550636	50.288286666563	0
3.0499999523163	-0.88349676132202	0.038789693266153	50.288286666563	0
3.0520000457764	-0.88362383842468	0.040021270513535	50.288286666563	0
3.0539999008179	-0.88375812768936	0.041255414485931	50.288286666563	0
3.055999994278	-0.88389891386032	0.042493127286434	50.288286666563	0
3.058000087738	-0.88404536247253	0.04373624175787	50.288286666563	0
3.0599999427795	-0.88419663906097	0.044985927641392	50.288286666563	0
3.0620000362396	-0.88435125350952	0.046242505311966	50.288286666563	0
3.0639998912811	-0.8845083117485	0.047507349401712	50.288286666563	0
3.0659999847412	-0.88466644287109	0.048780985176563	50.288286666563	0
3.0680000782013	-0.88482421636581	0.050063710659742	50.288286666563	0
3.0699999332428	-0.88498038053513	0.051356676965952	50.288286666563	0
3.0720000267029	-0.88513344526291	0.052659381181002	50.288286666563	0
3.0739998817444	-0.88528174161911	0.053972296416759	50.288286666563	0
3.0759999752045	-0.8854238986969	0.055294588208199	50.288286666563	0
3.0780000686646	-0.88555866479874	0.05662627145648	50.288286666563	0
3.0799999237061	-0.88568478822708	0.057967595756054	50.288286666563	0
3.0820000171661	-0.88580048084259	0.05931681022048	50.288286666563	0
3.0840001106262	-0.88590508699417	0.060673702508211	50.288286666563	0
3.0859999656677	-0.88599693775177	0.062037728726864	50.288286666563	0
3.0880000591278	-0.88607549667358	0.063406780362129	50.288286666563	0
3.0899999141693	-0.88613963127136	0.064780883491039	50.288286666563	0
3.0920000076294	-0.88618898391724	0.066157601773739	50.288286666563	0
3.0940001010895	-0.8862224817276	0.067536033689976	50.288286666563	0
3.095999956131	-0.88624006509781	0.06891555339098	50.288286666563	0
3.0980000495911	-0.88624155521393	0.070293694734573	50.288286666563	0
3.0999999046326	-0.88622653484344	0.071669340133667	50.288286666563	0
3.1019999980927	-0.88619565963745	0.073040835559368	50.288286666563	0
3.1040000915527	-0.88614881038666	0.07440710067749	50.288286666563	0
3.1059999465942	-0.88608640432358	0.07576671987772	50.288286666563	0
3.1080000400543	-0.88600957393646	0.077117934823036	50.288286666563	0
3.1099998950958	-0.88591855764389	0.078459858894348	50.288286666563	0
3.1119999885559	-0.88581454753876	0.079790644347668	50.288286666563	0
3.114000082016	-0.88569849729538	0.081109836697578	50.288286666563	0
3.1159999370575	-0.88557177782059	0.082416780292988	50.288286666563	0
3.1180000305176	-0.88543581962585	0.083709910511971	50.288286666563	0
3.1199998855591	-0.88529151678085	0.084988951683044	50.288286666563	0
3.1219999790192	-0.88514095544815	0.086253337562084	50.288286666563	0
3.1240000724792	-0.88498520851135	0.087502785027027	50.288286666563	0
3.1259999275208	-0.88482600450516	0.088737286627293	50.288286666563	0
3.1280000209808	-0.88466483354568	0.089956618845463	50.288286666563	0
3.1300001144409	-0.88450336456299	0.091160900890827	50.288286666563	0
3.1319999694824	-0.88434302806854	0.092351175844669	50.288286666563	0
3.1340000629425	-0.88418561220169	0.093526966869831	50.288286666563	0
3.135999917984	-0.8840320110321	0.094690337777138	50.288286666563	0
3.1380000114441	-0.88388395309448	0.095841109752655	50.288286666563	0
3.1400001049042	-0.88374239206314	0.096980310976505	50.288286666563	0
3.1419999599457	-0.88360869884491	0.098110392689705	50.288286666563	0
3.1440000534058	-0.88348382711411	0.099231049418449	50.288286666563	0
3.1459999084473	-0.88336825370789	0.10034517198801	50.288286666563	0
3.1480000019073	-0.88326287269592	0.10145258903503	50.288286666563	0
3.1500000953674	-0.88316816091537	0.10255602747202	50.288286666563	0
3.1519999504089	-0.88308435678482	0.1036568954587	50.288286666563	0
3.154000043869	-0.88301163911819	0.10475677251816	50.288286666563	0
3.1559998989105	-0.88294994831085	0.10585744678974	50.288286666563	0
3.1579999923706	-0.88289874792099	0.10695992410183	50.288286666563	0
3.1600000858307	-0.88285797834396	0.10806623846292	50.288286666563	0
3.1619999408722	-0.8828267455101	0.10917821526527	50.288286666563	0
3.1640000343323	-0.88280457258224	0.11029664427042	50.288286666563	0
3.1659998893738	-0.88279008865356	0.11142347753048	50.288286666563	0
3.1679999828339	-0.88278251886368	0.11255905032158	50.288286666563	0
3.1700000762939	-0.88278049230576	0.11370551586151	50.288286666563	0
3.1719999313354	-0.88278269767761	0.11486341059208	50.288286666563	0
3.1740000247955	-0.88278764486313	0.11603297293186	50.288286666563	0
3.1760001182556	-0.88279390335083	0.11721556633711	50.288286666563	0
3.1779999732971	-0.88279974460602	0.11841130256653	50.288286666563	0
3.1800000667572	-0.88280355930328	0.11962059885263	50.288286666563	0
3.1819999217987	-0.88280361890793	0.12084319442511	50.288286666563	0
3.1840000152588	-0.88279873132706	0.12207905203104	50.288286666563	0
3.1860001087189	-0.88278663158417	0.12332778424025	50.288286666563	0
3.1879999637604	-0.88276600837708	0.12458921223879	50.288286666563	0
3.1900000572205	-0.88273555040359	0.12586204707623	50.288286666563	0
3.191999912262	-0.88269364833832	0.12714622914791	50.288286666563	0
3.194000005722	-0.88263899087906	0.12844002246857	50.288286666563	0
3.1960000991821	-0.88257050514221	0.12974220514297	50.288286666563	0
3.1979999542236	-0.88248705863953	0.13105224072933	50.288286666563	0
3.2000000476837	-0.88238787651062	0.13236777484417	50.288286666563	0
3.2019999027252	-0.88227200508118	0.13368788361549	50.288286666563	0
3.2039999961853	-0.88213932514191	0.13501065969467	50.288286666563	0
3.2060000896454	-0.88198935985565	0.1363343000412	50.288286666563	0
3.2079999446869	-0.88182175159454	0.13765779137611	50.288286666563	0
3.210000038147	-0.88163679838181	0.13897851109505	50.288286666563	0
3.2119998931885	-0.88143485784531	0.1402957290411	50.288286666563	0
3.2139999866486	-0.88121628761292	0.14160686731339	50.288286666563	0
3.2160000801086	-0.88098168373108	0.14291089773178	50.288286666563	0
3.2179999351501	-0.88073188066483	0.14420649409294	50.288286666563	0
3.2200000286102	-0.88046789169312	0.14549158513546	50.288286666563	0
3.2219998836517	-0.88019108772278	0.14676585793495	50.288286666563	0
3.2239999771118	-0.87990266084671	0.14802671968937	50.288286666563	0
3.2260000705719	-0.87960410118103	0.14927423000336	50.288286666563	0
3.2279999256134	-0.87929707765579	0.15050819516182	50.288286666563	0
3.2300000190735	-0.87898308038712	0.15172620117664	50.288286666563	0
3.2320001125336	-0.87866395711899	0.15292923152447	50.288286666563	0
3.2339999675751	-0.87834125757217	0.15411676466465	50.288286666563	0
3.2360000610352	-0.87801724672318	0.15528835356236	50.288286666563	0
3.2379999160767	-0.87769335508347	0.15644481778145	50.288286666563	0
3.2400000095367	-0.87737154960632	0.15758591890335	50.288286666563	0
3.2420001029968	-0.87705343961716	0.15871289372444	50.288286666563	0
3.2439999580383	-0.87674075365067	0.1598262488842	50.288286666563	0
3.2460000514984	-0.87643498182297	0.1609268039465	50.288286666563	0
3.2479999065399	-0.87613767385483	0.16201610863209	50.288286666563	0
3.25	-0.87585002183914	0.16309489309788	50.288286666563	0
3.2520000934601	-0.87557327747345	0.1641653329134	50.288286666563	0
3.2539999485016	-0.87530833482742	0.16522915661335	50.288286666563	0
3.2560000419617	-0.87505608797073	0.16628724336624	50.288286666563	0
3.2579998970032	-0.87481695413589	0.16734184324741	50.288286666563	0
3.2599999904633	-0.87459141016006	0.16839516162872	50.288286666563	0
3.2620000839233	-0.87437975406647	0.16944870352745	50.288286666563	0
3.2639999389648	-0.87418150901794	0.17050457000732	50.288286666563	0
3.2660000324249	-0.87399691343307	0.17156451940536	50.288286666563	0
3.2679998874664	-0.87382507324219	0.1726308465004	50.288286666563	0
3.2699999809265	-0.87366551160812	0.17370477318764	50.288286666563	0
3.2720000743866	-0.87351709604263	0.17478841543198	50.288286666563	0
3.2739999294281	-0.87337875366211	0.17588374018669	50.288286666563	0
3.2760000228882	-0.87324947118759	0.17699135839939	50.288286666563	0
3.2780001163483	-0.87312740087509	0.17811299860477	50.288286666563	0
3.2799999713898	-0.87301105260849	0.17925037443638	50.288286666563	0
3.2820000648499	-0.87289869785309	0.18040370941162	50.288286666563	0
3.2839999198914	-0.87278831005096	0.18157438933849	50.288286666563	0
3.2860000133514	-0.87267822027206	0.18276229500771	50.288286666563	0
3.2880001068115	-0.87256640195847	0.18396823108196	50.288286666563	0
3.289999961853	-0.87245070934296	0.18519215285778	50.288286666563	0
3.2920000553131	-0.87232911586761	0.18643397092819	50.288286666563	0
3.2939999103546	-0.87219959497452	0.18769359588623	50.288286666563	0
3.2960000038147	-0.87206023931503	0.18896955251694	50.288286666563	0
3.2980000972748	-0.87190926074982	0.1902616918087	50.288286666563	0
3.2999999523163	-0.87174469232559	0.19156904518604	50.288286666563	0
3.3020000457764	-0.87156504392624	0.19289001822472	50.288286666563	0
3.3039999008179	-0.87136858701706	0.19422391057014	50.288286666563	0
3.305999994278	-0.87115430831909	0.19556787610054	50.288286666563	0
3.308000087738	-0.87092083692551	0.19692088663578	50.288286666563	0
3.3099999427795	-0.87066727876663	0.19828149676323	50.288286666563	0
3.3120000362396	-0.87039297819138	0.19964674115181	50.288286666563	0
3.3139998912811	-0.87009733915329	0.2010156661272	50.288286666563	0
3.3159999847412	-0.86978036165237	0.20238517224789	50.288286666563	0
3.3180000782013	-0.86944192647934	0.20375363528728	50.288286666563	0
3.3199999332428	-0.86908227205276	0.20511892437935	50.288286666563	0
3.3220000267029	-0.86870193481445	0.20647856593132	50.288286666563	0
3.3239998817444	-0.8683015704155	0.20783145725727	50.288286666563	0
3.3259999752045	-0.86788237094879	0.20917458832264	50.288286666563	0
3.3280000686646	-0.86744540929794	0.21050651371479	50.288286666563	0
3.3299999237061	-0.86699199676514	0.21182635426521	50.288286666563	0
3.3320000171661	-0.86652398109436	0.2131315022707	50.288286666563	0
3.3340001106262	-0.86604315042496	0.21442097425461	50.288286666563	0
3.3359999656677	-0.86555123329163	0.21569465100765	50.288286666563	0
3.3380000591278	-0.86505037546158	0.21695026755333	50.288286666563	0
3.3399999141693	-0.86454278230667	0.21818819642067	50.288286666563	0
3.3420000076294	-0.86403065919876	0.21940714120865	50.288286666563	0
3.3440001010895	-0.86351627111435	0.22060799598694	50.288286666563	0
3.345999956131	-0.86300176382065	0.22179062664509	50.288286666563	0
3.3480000495911	-0.86248964071274	0.22295513749123	50.288286666563	0
3.3499999046326	-0.8619818687439	0.22410281002522	50.288286666563	0
3.3519999980927	-0.86148071289062	0.22523410618305	50.288286666563	0
3.3540000915527	-0.8609881401062	0.22635021805763	50.288286666563	0
3.3559999465942	-0.86050593852997	0.22745309770107	50.288286666563	0
3.3580000400543	-0.86003595590591	0.22854386270046	50.288286666563	0
3.3599998950958	-0.85957956314087	0.22962476313114	50.288286666563	0
3.3619999885559	-0.85913813114166	0.23069719970226	50.288286666563	0
3.364000082016	-0.85871267318726	0.23176412284374	50.288286666563	0
3.3659999370575	-0.85830390453339	0.23282769322395	50.288286666563	0
3.3680000305176	-0.85791265964508	0.23388963937759	50.288286666563	0
3.3699998855591	-0.85753870010376	0.234953597188	50.288286666563	0
3.3719999790192	-0.85718238353729	0.23602072894573	50.288286666563	0
3.3740000724792	-0.85684335231781	0.23709443211555	50.288286666563	0
3.3759999275208	-0.85652083158493	0.23817698657513	50.288286666563	0
3.3780000209808	-0.85621416568756	0.23927035927773	50.288286666563	0
3.3800001144409	-0.85592210292816	0.24037705361843	50.288286666563	0
3.3819999694824	-0.85564315319061	0.24149957299232	50.288286666563	0
3.3840000629425	-0.85537570714951	0.24263939261436	50.288286666563	0
3.385999917984	-0.85511785745621	0.24379900097847	50.288286666563	0
3.3880000114441	-0.85486769676208	0.24497893452644	50.288286666563	0
3.3900001049042	-0.85462260246277	0.24618130922318	50.288286666563	0
3.3919999599457	-0.85438042879105	0.24740706384182	50.288286666563	0
3.3940000534058	-0.85413861274719	0.24865667521954	50.288286666563	0
3.3959999084473	-0.85389423370361	0.24993129074574	50.288286666563	0
3.3980000019073	-0.85364520549774	0.2512301504612	50.288286666563	0
3.4000000953674	-0.8533883690834	0.25255364179611	50.288286666563	0
3.4019999504089	-0.85312098264694	0.25390204787254	50.288286666563	0
3.404000043869	-0.85284072160721	0.25527340173721	50.288286666563	0
3.4059998989105	-0.85254484415054	0.25666749477386	50.288286666563	0
3.4079999923706	-0.85223108530045	0.25808253884315	50.288286666563	0
3.4100000858307	-0.85189723968506	0.25951689481735	50.288286666563	0
3.4119999408722	-0.85154098272324	0.26096937060356	50.288286666563	0
3.4140000343323	-0.85116064548492	0.2624371945858	50.288286666563	0
3.4159998893738	-0.85075438022614	0.26391878724098	50.288286666563	0
3.4179999828339	-0.85032141208649	0.26541090011597	50.288286666563	0
3.4200000762939	-0.84986019134521	0.26691120862961	50.288286666563	0
3.4219999313354	-0.84936994314194	0.26841747760773	50.288286666563	0
3.4240000247955	-0.84885066747665	0.26992607116699	50.288286666563	0
3.4260001182556	-0.8483020067215	0.27143451571465	50.288286666563	0
3.4279999732971	-0.84772419929504	0.27294021844864	50.288286666563	0
3.4300000667572	-0.8471177816391	0.27443990111351	50.288286666563	0
3.4319999217987	-0.84648388624191	0.27593106031418	50.288286666563	0
3.4340000152588	-0.84582358598709	0.27741104364395	50.288286666563	0
3.4360001087189	-0.84513866901398	0.27887710928917	50.288286666563	0
3.4379999637604	-0.84443056583405	0.2803273499012	50.288286666563	0
3.4400000572205	-0.84370160102844	0.28175935149193	50.288286666563	0
3.441999912262	-0.84295392036438	0.28317186236382	50.288286666563	0
3.444000005722	-0.8421905040741	0.2845624089241	50.288286666563	0
3.4460000991821	-0.84141373634338	0.28593042492867	50.288286666563	0
3.4479999542236	-0.84062659740448	0.28727489709854	50.288286666563	0
3.4500000476837	-0.83983218669891	0.28859481215477	50.288286666563	0
3.4519999027252	-0.83903312683105	0.28989085555077	50.288286666563	0
3.4539999961853	-0.83823323249817	0.29116195440292	50.288286666563	0
3.4560000896454	-0.83743488788605	0.29240956902504	50.288286666563	0
3.4579999446869	-0.83664155006409	0.29363438487053	50.288286666563	0
3.460000038147	-0.8358559012413	0.29483726620674	50.288286666563	0
3.4619998931885	-0.83508086204529	0.29601991176605	50.288286666563	0
3.4639999866486	-0.83431887626648	0.29718437790871	50.288286666563	0
3.4660000801086	-0.8335725069046	0.29833254218102	50.288286666563	0
3.4679999351501	-0.83284360170364	0.29946753382683	50.288286666563	0
3.4700000286102	-0.83213436603546	0.30059123039246	50.288286666563	0
3.4719998836517	-0.8314460515976	0.30170720815659	50.288286666563	0
3.4739999771118	-0.83077991008759	0.30281838774681	50.288286666563	0
3.4760000705719	-0.83013677597046	0.30392801761627	50.288286666563	0
3.4779999256134	-0.82951676845551	0.30504009127617	50.288286666563	0
3.4800000190735	-0.82892066240311	0.30615678429604	50.288286666563	0
3.4820001125336	-0.8283474445343	0.3072823882103	50.288286666563	0
3.4839999675751	-0.82779651880264	0.30842050909996	50.288286666563	0
3.4860000610352	-0.82726687192917	0.30957412719727	50.288286666563	0
3.4879999160767	-0.82675659656525	0.31074649095535	50.288286666563	0
3.4900000095367	-0.8262642621994	0.31194043159485	50.288286666563	0
3.4920001029968	-0.82578736543655	0.31315910816193	50.288286666563	0
3.4939999580383	-0.82532328367233	0.31440526247025	50.288286666563	0
3.4960000514984	-0.82486927509308	0.31568038463593	50.288286666563	0
3.4979999065399	-0.82442170381546	0.31698763370514	50.288286666563	0
3.5	-0.82397800683975	0.31832724809647	50.288286666563	0
