CST XY Data Exchange Format V2

Title    = Z-Parameters
Xlabel   = Frequency / GHz
Ylabel   = Impedance / Ohm

Curvelabel          = Z1,1
Filename            = ^zcmplx1(1)1(1).sig
Npoints             = 1001
Type                = 8
Subtype             = 16
Logfactor           = 0
Result type         = complex:none
View type           = Cartesian
Plot type           = Complex
Data/Title          = Z-Parameters
X/Label             = Frequency
X/Unit              = GHz
Y/Label             = Impedance
Y/Unit              = Ohm
Y/Logfactor         = 0
Plot/wrapHeuristics = 0

1.5	1.0683953721003	-2.4606262652954
1.5019999742508	1.0638218118622	-2.4450173547168
1.5039999485016	1.0597366326384	-2.4287210028407
1.5060000419617	1.0562010338998	-2.4118049049694
1.5080000162125	1.0532815355155	-2.3943312564969
1.5099999904633	1.0510254169769	-2.376384327865
1.5119999647141	1.0494837698375	-2.3580433596094
1.5140000581741	1.0486845758527	-2.3394021072076
1.5160000324249	1.048650172918	-2.3205331909174
1.5180000066757	1.0493941860945	-2.3015391369669
1.5199999809265	1.0509181795901	-2.2825032188435
1.5219999551773	1.0532187070187	-2.2635156902376
1.5240000486374	1.0562717602667	-2.244672271984
1.5260000228882	1.0600530629989	-2.22603968273
1.527999997139	1.0645243097766	-2.2077045634801
1.5299999713898	1.0696436957166	-2.1897428271454
1.5319999456406	1.0753517256435	-2.1722194646656
1.5340000391006	1.0815982023723	-2.1552032617419
1.5360000133514	1.0883118733051	-2.1387347631529
1.5379999876022	1.0954237579759	-2.1228657992527
1.539999961853	1.1028537843263	-2.1076308576376
1.5420000553131	1.1105310680968	-2.0930674287263
1.5440000295639	1.1183671533873	-2.0791772088894
1.5460000038147	1.126286304309	-2.0659783126062
1.5479999780655	1.134206454888	-2.0534684812404
1.5499999523163	1.1420444872211	-2.041637088489
1.5520000457764	1.1497220258544	-2.0304712788225
1.5540000200272	1.1571672006613	-2.0199336161947
1.555999994278	1.1643043006012	-2.0099931281586
1.5579999685287	1.1710728028573	-2.0006039284376
1.5599999427795	1.1774088035296	-1.9917210633504
1.5620000362396	1.1832572789623	-1.9832848980055
1.5640000104904	1.1885732823381	-1.9752261038408
1.5659999847412	1.1933234744459	-1.9674870502374
1.567999958992	1.1974695131371	-1.9599919370366
1.5700000524521	1.2009911297279	-1.9526751807424
1.5720000267029	1.2038789952225	-1.9454510798364
1.5740000009537	1.2061240200648	-1.9382508765017
1.5759999752045	1.2077333930034	-1.9309987326944
1.5779999494553	1.2087172718511	-1.9236207888516
1.5800000429153	1.2090990672962	-1.9160554135244
1.5820000171661	1.2089068114072	-1.9082207985396
1.5839999914169	1.2081714079488	-1.9000594211517
1.5859999656677	1.2069411451044	-1.8915126831831
1.5880000591278	1.2052647157976	-1.8825370027836
1.5900000333786	1.2031935558334	-1.8730718376805
1.5920000076294	1.2007880534462	-1.8630839122634
1.5939999818802	1.1981084058927	-1.852541287642
1.595999956131	1.1952234869552	-1.8414214787686
1.5980000495911	1.1921968432606	-1.829708845076
1.6000000238419	1.1890982376418	-1.8173875181597
1.6019999980927	1.1859944748529	-1.8044596414574
1.6039999723434	1.1829533054197	-1.7909351786165
1.6059999465942	1.1800392309219	-1.7768245085823
1.6080000400543	1.1773186142462	-1.7621558993814
1.6100000143051	1.1748488469322	-1.7469503253883
1.6119999885559	1.1726800796984	-1.7312424687336
1.6139999628067	1.1708713210799	-1.7150762853133
1.6160000562668	1.1694639069747	-1.6985020305936
1.6180000305176	1.1684982950854	-1.6815608788964
1.6200000047684	1.1680077229836	-1.6643097054029
1.6219999790192	1.1680190226404	-1.6468094523157
1.62399995327	1.1685500403452	-1.6291166315233
1.62600004673	1.1696150118537	-1.6112979657317
1.6280000209808	1.1712213897679	-1.5934061149934
1.6299999952316	1.173364998671	-1.5755066636198
1.6319999694824	1.1760422076095	-1.5576598283859
1.6339999437332	1.1792276063866	-1.5399249365345
1.6360000371933	1.1829100021992	-1.5223637275199
1.6380000114441	1.1870559282202	-1.5050184035293
1.6399999856949	1.1916328516853	-1.4879444397491
1.6419999599457	1.1966059358522	-1.4711852147714
1.6440000534058	1.2019260317432	-1.4547884640703
1.6460000276566	1.2075487070277	-1.4387756948274
1.6480000019073	1.2134225065351	-1.4231818709716
1.6499999761581	1.2194919545677	-1.4080298036514
1.6519999504089	1.2257050853342	-1.393335676385
1.654000043869	1.2320052290541	-1.3791147877103
1.6560000181198	1.2383322125891	-1.365358657137
1.6579999923706	1.2446311248213	-1.3520769569642
1.6599999666214	1.2508426478882	-1.3392417945734
1.6619999408722	1.2569185642006	-1.3268522725078
1.6640000343323	1.2628043409811	-1.3148754003695
1.6660000085831	1.2684520188697	-1.3033017660151
1.6679999828339	1.2738158516728	-1.2920764511633
1.6699999570847	1.2788563335065	-1.2811749660716
1.6720000505447	1.2835388866526	-1.2705674678563
1.6740000247955	1.2878314233016	-1.2601717404273
1.6759999990463	1.2917102810217	-1.2499568019545
1.6779999732971	1.2951538169989	-1.2398815043467
1.6799999475479	1.2981522237632	-1.2298871961089
1.682000041008	1.3006982678687	-1.2199259945461
1.6840000152588	1.3027901908318	-1.2099331812444
1.6859999895096	1.304433232126	-1.1998617317801
1.6879999637604	1.3056422734462	-1.1896600198094
1.6900000572205	1.3064285872489	-1.1792849263254
1.6920000314713	1.3068231300332	-1.1686762470342
1.694000005722	1.3068446292212	-1.1577978867101
1.6959999799728	1.3065325299379	-1.1466085433044
1.6979999542236	1.3059212239123	-1.1350723810353
1.7000000476837	1.305049320479	-1.1231638876294
1.7020000219345	1.3039622143947	-1.1108452634444
1.7039999961853	1.3027041909044	-1.0981024978878
1.7059999704361	1.3013243512034	-1.084918362892
1.7079999446869	1.29987138066	-1.0712839234368
1.710000038147	1.2983919336637	-1.0571998425794
1.7120000123978	1.2969393016239	-1.0426578762762
1.7139999866486	1.2955580241951	-1.0276697403629
1.7159999608994	1.2942973386149	-1.0122478143363
1.7180000543594	1.2932013044152	-0.996415688748
1.7200000286102	1.2923128810575	-0.9801850427786
1.722000002861	1.2916695222742	-0.96358823175716
1.7239999771118	1.2913072238865	-0.94665605125673
1.7259999513626	1.2912587273574	-0.92942388953663
1.7280000448227	1.2915534043397	-0.911935678147
1.7300000190735	1.2922054769602	-0.8942206122027
1.7319999933243	1.293242804763	-0.87632712827574
1.7339999675751	1.2946714298503	-0.85829978400074
1.7359999418259	1.2964991228151	-0.84018286931214
1.7380000352859	1.2987288335753	-0.8220278926183
1.7400000095367	1.3013579021593	-0.80386911715727
1.7419999837875	1.3043801515072	-0.78575645022802
1.7439999580383	1.3077787366774	-0.76773226614491
1.7460000514984	1.3115320939887	-0.749842820378
1.7480000257492	1.3156287878848	-0.732116094696
1.75	1.3200334443746	-0.71459210173262
1.7519999742508	1.3247173076928	-0.69730341805805
1.7539999485016	1.3296470872756	-0.68027772735157
1.7560000419617	1.3347910823281	-0.66354440855755
1.7580000162125	1.3401007853117	-0.64711189532255
1.7599999904633	1.3455400189078	-0.63100072567948
1.7619999647141	1.3510712963725	-0.61522070538375
1.7640000581741	1.356642870215	-0.59978220952147
1.7660000324249	1.3622208334147	-0.58467480491058
1.7680000066757	1.3677567389836	-0.56989883652101
1.7699999809265	1.3732117939251	-0.5554448326296
1.7719999551773	1.3785424976649	-0.54129835405372
1.7740000486374	1.3837163300673	-0.52744610513012
1.7760000228882	1.3886947806033	-0.51385448850703
1.777999997139	1.3934453324214	-0.50050204424583
1.7799999713898	1.3979387305206	-0.48735860637674
1.7819999456406	1.4021472759945	-0.47439114566006
1.7840000391006	1.4060574055214	-0.46156893926459
1.7860000133514	1.4096447089848	-0.44884364842994
1.7879999876022	1.41289869638	-0.43618119721012
1.789999961853	1.4158136731876	-0.42354124888372
1.7920000553131	1.4183806372803	-0.41088778855484
1.7940000295639	1.4206066033635	-0.39816992216776
1.7960000038147	1.4224998559154	-0.38535215246069
1.7979999780655	1.4240639124947	-0.3723958481473
1.7999999523163	1.4253180638107	-0.35926318573831
1.8020000457764	1.4262814273656	-0.34592435527752
1.8040000200272	1.4269764117877	-0.3323359367315
1.805999994278	1.4274282785544	-0.31847316009172
1.8079999685287	1.4276685939484	-0.30430975378455
1.8099999427795	1.4277288211531	-0.2898231054831
1.8120000362396	1.4276402699406	-0.27499946100084
1.8140000104904	1.4274454198276	-0.25981340377466
1.8159999847412	1.4271738032749	-0.24425971385493
1.817999958992	1.4268723622443	-0.22833276548538
1.8200000524521	1.426573669377	-0.2120355442786
1.8220000267029	1.4263182898992	-0.19536062437472
1.8240000009537	1.4261434469193	-0.17832001351348
1.8259999752045	1.4260832107022	-0.16092529678555
1.8279999494553	1.4261732324478	-0.14319179227902
1.8300000429153	1.426445982507	-0.12514340969182
1.8320000171661	1.4269324540642	-0.10679234569902
1.8339999914169	1.4276588542311	-0.088169023016998
1.8359999656677	1.428646726612	-0.069302543177424
1.8380000591278	1.429917691701	-0.050228388220854
1.8400000333786	1.4314903288296	-0.030968731321377
1.8420000076294	1.4333737749182	-0.011563854827324
1.8439999818802	1.4355788836189	0.0079525807078003
1.845999956131	1.4381039447271	0.02754284704936
1.8480000495911	1.44095847947	0.047166907610029
1.8500000238419	1.4441330771787	0.066799871499696
1.8519999980927	1.4476200509646	0.086400998141441
1.8539999723434	1.4514054693603	0.10593706513646
1.8559999465942	1.4554770803717	0.1253770879088
1.8580000400543	1.4598132344209	0.14468483254263
1.8600000143051	1.464393835354	0.16384534319272
1.8619999885559	1.4691878231514	0.18282749395224
1.8639999628067	1.4741736561362	0.20161036766554
1.8660000562668	1.4793203171235	0.22017184727934
1.8680000305176	1.4845918856718	0.23850860521663
1.8700000047684	1.4899604872421	0.25660459427179
1.8719999790192	1.4953838532793	0.27445370997545
1.87399995327	1.5008371346844	0.29205334563393
1.87600004673	1.50627958104	0.30939911640737
1.8780000209808	1.5116780813865	0.32650883554964
1.8799999952316	1.516999636051	0.34338563308151
1.8819999694824	1.522211049288	0.36004361927388
1.8839999437332	1.5272869830817	0.37649891486412
1.8860000371933	1.5321940922996	0.39276650458482
1.8880000114441	1.5369082348514	0.40887926478992
1.8899999856949	1.5414085308897	0.42485922590469
1.8919999599457	1.5456739304383	0.44073443442667
1.8940000534058	1.5496913288487	0.45652949266139
1.8960000276566	1.553444047104	0.47228682563406
1.8980000019073	1.5569267286798	0.48803422352779
1.8999999761581	1.5601306800393	0.50380394865335
1.9019999504089	1.5630597851804	0.51963314404474
1.904000043869	1.5657117114158	0.53554734384937
1.9060000181198	1.568097975382	0.55159285413505
1.9079999923706	1.5702225508472	0.56779169394873
1.9099999666214	1.5721065509085	0.58418147654209
1.9119999408722	1.5737633307309	0.60078688643733
1.9140000343323	1.5752126283676	0.61763000176789
1.9160000085831	1.5764786121721	0.63474521768823
1.9179999828339	1.5775890299237	0.65214794312862
1.9199999570847	1.5785666814683	0.66985831357933
1.9220000505447	1.5794442494156	0.68788252903782
1.9240000247955	1.5802507016052	0.70624531921906
1.9259999990463	1.581021933008	0.72494920650962
1.9279999732971	1.581784303186	0.74399499642856
1.9299999475479	1.5825752122572	0.76338753764676
1.932000041008	1.5834245684874	0.78311496407567
1.9340000152588	1.5843666071107	0.8031812958582
1.9359999895096	1.5854233816503	0.82357167941415
1.9379999637604	1.5866329187937	0.84427220523747
1.9400000572205	1.5880192417557	0.86525959657222
1.9420000314713	1.5896011725509	0.88652494781392
1.944000005722	1.5914077427335	0.90804232055145
1.9459999799728	1.5934553606408	0.92978432447717
1.9479999542236	1.5957604686084	0.95172542201244
1.9500000476837	1.5983366149849	0.97383473053538
1.9520000219345	1.6011923362342	0.99609019952964
1.9539999961853	1.6043335754329	1.018456720173
1.9559999704361	1.6077645899043	1.0409047129587
1.9579999446869	1.6114817824313	1.0634040748546
1.960000038147	1.6154819318177	1.085918391123
1.9620000123978	1.619754753367	1.1084299924308
1.9639999866486	1.6242923405196	1.1309047677679
1.9659999608994	1.6290769204398	1.1533173045061
1.9680000543594	1.634094298445	1.1756355617585
1.9700000286102	1.6393197738305	1.197849235061
1.972000002861	1.6447341607947	1.219933169359
1.9739999771118	1.6503083231169	1.2418707435209
1.9759999513626	1.6560226410911	1.2636477803271
1.9780000448227	1.6618415441362	1.2852491255882
1.9800000190735	1.6677415210015	1.3066749190101
1.9819999933243	1.6736896643522	1.3279203303244
1.9839999675751	1.6796545884783	1.3489815966783
1.9859999418259	1.6856076142878	1.3698639156508
1.9880000352859	1.6915186754304	1.3905674117876
1.9900000095367	1.6973597796211	1.4111123942304
1.9919999837875	1.7031050195197	1.4315086893503
1.9939999580383	1.7087234083268	1.4517696890389
1.9960000514984	1.7141981798573	1.4719116237108
1.9980000257492	1.7195051240163	1.4919672403609
2	1.7246208299823	1.5119534259757
2.0020000934601	1.7295327786452	1.5318919810637
2.0039999485016	1.7342334772406	1.5518270050771
2.0060000419617	1.7386998904761	1.571764784155
2.0079998970032	1.7429397219954	1.5917607861496
2.0099999904633	1.7469459206156	1.6118204537248
2.0120000839233	1.750712164877	1.6319885910555
2.0139999389648	1.7542501623126	1.6523028117482
2.0160000324249	1.7575652438102	1.6727731061157
2.0179998874664	1.7606631599447	1.6934520895866
2.0199999809265	1.7635625132032	1.714341626554
2.0220000743866	1.7662808027771	1.735484343094
2.0239999294281	1.7688348010204	1.7569078884209
2.0260000228882	1.7712492279344	1.7786167479885
2.0280001163483	1.7735470292071	1.8006409532496
2.0299999713898	1.7757516552323	1.8230019966822
2.0320000648499	1.7778946085577	1.8456978433476
2.0339999198914	1.7800020721375	1.8687558180286
2.0360000133514	1.7821049610247	1.892159136637
2.0380001068115	1.7842300000173	1.9159269083998
2.039999961853	1.7864098097749	1.9400632651479
2.0420000553131	1.7886755604522	1.9645487533172
2.0439999103546	1.7910559189972	1.9893977412397
2.0460000038147	1.793572151178	2.0145736947992
2.0480000972748	1.7962589312255	2.0400769300906
2.0499999523163	1.7991336527425	2.0659018948087
2.0520000457764	1.8022244759546	2.0920100492423
2.0539999008179	1.8055485959343	2.1184004369027
2.055999994278	1.8091203269146	2.1450289036247
2.058000087738	1.812959807797	2.1718807140935
2.0599999427795	1.8170740192836	2.1989447502256
2.0620000362396	1.8214691690527	2.2261629328517
2.0639998912811	1.8261560347657	2.2535394554871
2.0659999847412	1.8311326719674	2.2810205833174
2.0680000782013	1.836398964628	2.3085893169812
2.0699999332428	1.8419516473465	2.3362285573973
2.0720000267029	1.847774034337	2.3638913840935
2.0739998817444	1.8538602026857	2.3915744944354
2.0759999752045	1.8601972706731	2.4192274764087
2.0780000686646	1.8667682707961	2.44684544388
2.0799999237061	1.8735486780308	2.4744176375138
2.0820000171661	1.8805216978793	2.5019036714065
2.0840001106262	1.8876619291353	2.5293030039973
2.0859999656677	1.8949393907097	2.5566116905471
2.0880000591278	1.9023360200456	2.5838036650268
2.0899999141693	1.9098156271887	2.6108883391663
2.0920000076294	1.9173555788363	2.6378527677674
2.0940001010895	1.9249235150326	2.6646995854214
2.095999956131	1.9324903138248	2.6914467060241
2.0980000495911	1.940032761326	2.7180854830308
2.0999999046326	1.9475234179172	2.7446472773528
2.1019999980927	1.9549358940463	2.771121304648
2.1040000915527	1.9622395619298	2.7975361880281
2.1059999465942	1.9694205802148	2.8239298553571
2.1080000400543	1.976459603034	2.8502994257218
2.1099998950958	1.9833372138316	2.876686868147
2.1119999885559	1.9900386814065	2.9031050420017
2.114000082016	1.9965498500774	2.9295901405376
2.1159999370575	2.002873646314	2.9561850026552
2.1180000305176	2.0089928724252	2.9828923936947
2.1199998855591	2.0149144021382	3.0097757151685
2.1219999790192	2.0206391102096	3.0368353431579
2.1240000724792	2.026167447282	3.0641170757405
2.1259999275208	2.0315180319813	3.0916640149338
2.1280000209808	2.0366957424503	3.1194820849136
2.1300001144409	2.0417148533069	3.1476078970879
2.1319999694824	2.0465975767125	3.1760791385216
2.1340000629425	2.0513645768511	3.204904924332
2.135999917984	2.056035495376	3.2341156923565
2.1380000114441	2.0606421075042	3.2637227842473
2.1400001049042	2.0652086846284	3.2937447630971
2.1419999599457	2.0697603936129	3.324205583996
2.1440000534058	2.0743312117346	3.3550984142493
2.1459999084473	2.0789540379368	3.3864505816056
2.1480000019073	2.0836545678157	3.4182306438145
2.1500000953674	2.0884684027389	3.4504705232353
2.1519999504089	2.0934242180389	3.48316685479
2.154000043869	2.0985513933748	3.5162992126068
2.1559998989105	2.1038803533785	3.5498647601642
2.1579999923706	2.1094360733997	3.5838287306696
2.1600000858307	2.1152470989272	3.6182035733025
2.1619999408722	2.1213327272109	3.65297338366
2.1640000343323	2.1277140640196	3.6880986451112
2.1659998893738	2.1344133237935	3.7235569991019
2.1679999828339	2.1414408319377	3.759329427447
2.1700000762939	2.1488075121694	3.7953937233259
2.1719999313354	2.1565319476504	3.8317329736511
2.1740000247955	2.1646022316569	3.8682910174542
2.1760001182556	2.1730367391824	3.9050550147704
2.1779999732971	2.1818243623742	3.9420214374783
2.1800000667572	2.1909636032201	3.9791238229903
2.1819999217987	2.2004437268769	4.0163688836491
2.1840000152588	2.2102573034124	4.0536989632468
2.1860001087189	2.2203859914781	4.09111731209
2.1879999637604	2.2308130652999	4.1286061179359
2.1900000572205	2.2415162805854	4.1661198848375
2.191999912262	2.2524790052891	4.2036829741886
2.194000005722	2.2636748282791	4.2412351122537
2.1960000991821	2.2750749781297	4.2788134374972
2.1979999542236	2.2866531010932	4.3163781411771
2.2000000476837	2.2983835522745	4.3539361070661
2.2019999027252	2.3102333166147	4.391507513845
2.2039999961853	2.3221767920226	4.4290676117756
2.2060000896454	2.3341832616467	4.4666316463529
2.2079999446869	2.3462285577667	4.5042439925715
2.210000038147	2.3582816144933	4.5418613461297
2.2119998931885	2.3703185499669	4.5795535664615
2.2139999866486	2.3823171427605	4.6173215154809
2.2160000801086	2.3942569532792	4.6552028832678
2.2179999351501	2.4061168049407	4.693219238288
2.2200000286102	2.4178855120686	4.7313825355895
2.2219998836517	2.4295438921892	4.7697572662144
2.2239999771118	2.4410842245526	4.8083434145283
2.2260000705719	2.4525065218613	4.8471994187706
2.2279999256134	2.4638076931656	4.8863714856294
2.2300000190735	2.4749858541097	4.9258710454333
2.2320001125336	2.4860502813076	4.9657485397949
2.2339999675751	2.497007554857	5.006049448575
2.2360000610352	2.5078746605567	5.0467904658069
2.2379999160767	2.5186635002674	5.0880316299952
2.2400000095367	2.5294089162976	5.1297837595973
2.2420001029968	2.5401194432768	5.1720876105118
2.2439999580383	2.5508235847338	5.2149766231335
2.2460000514984	2.561563776378	5.2584736981943
2.2479999065399	2.5723574297053	5.3026072605126
2.25	2.5832517369258	5.3473847256146
2.2520000934601	2.5942785849787	5.3928384867408
2.2539999485016	2.6054747378929	5.4389851951333
2.2560000419617	2.616878780496	5.4858165288628
2.2579998970032	2.6285317188047	5.533362237428
2.2599999904633	2.6404737018799	5.5815995465788
2.2620000839233	2.6527428912722	5.6305402800275
2.2639999389648	2.6653779813705	5.6801941640194
2.2660000324249	2.6784148189707	5.730529346635
2.2679998874664	2.6918903530787	5.7815497333423
2.2699999809265	2.705836883796	5.8332188432319
2.2720000743866	2.7202881749081	5.8855416879815
2.2739999294281	2.7352720587235	5.9384967481222
2.2760000228882	2.7508115210719	5.9920472678597
2.2780001163483	2.7669279722666	6.046172649578
2.2799999713898	2.783640486535	6.1008562019178
2.2820000648499	2.8009678904588	6.1560612853939
2.2839999198914	2.8189176567328	6.2117642297946
2.2860000133514	2.8374983195121	6.2679381016989
2.2880001068115	2.856715662986	6.3245469591497
2.289999961853	2.8765650637276	6.381577551242
2.2920000553131	2.8970413025465	6.4389839947435
2.2939999103546	2.9181400858695	6.4967677061007
2.2960000038147	2.9398502347597	6.5548875249514
2.2980000972748	2.9621521910455	6.6133227263689
2.2999999523163	2.9850372023273	6.6720797462249
2.3020000457764	3.0084761275146	6.7311204855385
2.3039999008179	3.0324520564628	6.7904626105457
2.305999994278	3.0569383293543	6.8500654323286
2.308000087738	3.0819085181774	6.90994863789
2.3099999427795	3.1073399263345	6.9701235190796
2.3120000362396	3.1332038406639	7.0305831992208
2.3139998912811	3.1594690806169	7.0913493257235
2.3159999847412	3.1861188718029	7.1524353419139
2.3180000782013	3.2131205478382	7.2138597145909
2.3199999332428	3.2404579666794	7.275664243061
2.3220000267029	3.2680996422582	7.337860584041
2.3239998817444	3.2960378527882	7.4005092990917
2.3259999752045	3.3242529121926	7.4636160914909
2.3280000686646	3.3527347547119	7.5272535483428
2.3299999237061	3.3814762960237	7.5914693702999
2.3320000171661	3.4104744212917	7.656290077753
2.3340001106262	3.4397298332798	7.721778114148
2.3359999656677	3.4692533695533	7.7880095133672
2.3380000591278	3.4990549136505	7.8550068826426
2.3399999141693	3.5291574964274	7.9228584561987
2.3420000076294	3.5595776818665	7.9915936917854
2.3440001010895	3.5903546770377	8.0612880631052
2.345999956131	3.621516468039	8.1319989676962
2.3480000495911	3.6531048413051	8.2037686105512
2.3499999046326	3.6851711308314	8.2766680267435
2.3519999980927	3.7177615204072	8.3507316191279
2.3540000915527	3.7509388934854	8.426012067033
2.3559999465942	3.7847619751734	8.5025814809266
2.3580000400543	3.8192954190528	8.5804479465436
2.3599998950958	3.8546129194806	8.6596683352171
2.3619999885559	3.8907891658581	8.7402636629133
2.364000082016	3.9278932560204	8.8222626407767
2.3659999370575	3.966013746335	8.9057111372954
2.3680000305176	4.0052272897109	8.990603199059
2.3699998855591	4.0456166285054	9.0769738513845
2.3719999790192	4.0872670040516	9.1648041189344
2.3740000724792	4.1302643585276	9.2541210130793
2.3759999275208	4.174690649595	9.3449226997958
2.3780000209808	4.2206278969066	9.4371842531403
2.3800001144409	4.2681584114861	9.5309008103217
2.3819999694824	4.3173667400101	9.6260818077937
2.3840000629425	4.3683282385811	9.7226760182654
2.385999917984	4.4211205443991	9.8206790590861
2.3880000114441	4.4758120542927	9.9200583634399
2.3900001049042	4.5324822836321	10.020777911107
2.3919999599457	4.59118645836	10.12284001543
2.3940000534058	4.6519981766786	10.226167334581
2.3959999084473	4.714970066275	10.330758355199
2.3980000019073	4.7801609723594	10.436569342587
2.4000000953674	4.8476237569114	10.543566863863
2.4019999504089	4.9174102898112	10.651739968687
2.404000043869	4.9895595196836	10.76102888899
2.4059998989105	5.0641218438409	10.871430427145
2.4079999923706	5.1411340913391	10.982904074657
2.4100000858307	5.2206409227709	11.095434338532
2.4119999408722	5.3026755193356	11.209027389425
2.4140000343323	5.3872754699878	11.32363819561
2.4159998893738	5.4744817500566	11.439296175707
2.4179999828339	5.5643322607605	11.555973092207
2.4200000762939	5.6568626464712	11.673678926087
2.4219999313354	5.7521235106621	11.79244602581
2.4240000247955	5.8501571778051	11.912271447677
2.4260001182556	5.9510200035326	12.033187073966
2.4279999732971	6.0547663303913	12.155228588591
2.4300000667572	6.1614625946913	12.278423511144
2.4319999217987	6.2711860053502	12.402833048082
2.4340000152588	6.3840198746798	12.528477259008
2.4360001087189	6.500051562313	12.655430271534
2.4379999637604	6.6193958919583	12.783751690954
2.4400000572205	6.7421678722708	12.913475453095
2.441999912262	6.8685076083022	13.044685314798
2.444000005722	6.9985540810123	13.177434448153
2.4460000991821	7.1324811694114	13.311794032838
2.4479999542236	7.2704696202254	13.447828537676
2.4500000476837	7.4127219536849	13.585580705083
2.4519999027252	7.5594541686654	13.725127436682
2.4539999961853	7.7109122641867	13.866497193063
2.4560000896454	7.8673580110294	14.009733305325
2.4579999446869	8.0290711669367	14.154872659904
2.460000038147	8.1963532572673	14.301921693226
2.4619998931885	8.3695315417498	14.4509068998
2.4639999866486	8.5489597571553	14.601796824852
2.4660000801086	8.7349981275411	14.754565370701
2.4679999351501	8.9280433727619	14.909164928901
2.4700000286102	9.1285109200421	15.065511182684
2.4719998836517	9.336824675435	15.223508175277
2.4739999771118	9.553454372437	15.38302350664
2.4760000705719	9.7788647561279	15.54388969629
2.4779999256134	10.013562558999	15.705927590735
2.4800000190735	10.2580437102	15.86887321896
2.4820001125336	10.512847406563	16.032464636156
2.4839999675751	10.77852306404	16.196398166196
2.4860000610352	11.055616280669	16.360275071643
2.4879999160767	11.344706539696	16.523705547475
2.4900000095367	11.64636683151	16.686190606463
2.4920001029968	11.961179242011	16.847215886958
2.4939999580383	12.289743759811	17.006184783982
2.4960000514984	12.632626294791	17.162434869584
2.4979999065399	12.990426607231	17.315245194657
2.5	13.363703981608	17.463783256769
2.5020000934601	13.753022097813	17.607192995764
2.5039999485016	14.158909388784	17.744522571289
2.5060000419617	14.581876154506	17.874689998299
2.5079998970032	15.02239144449	17.996570602103
2.5099999904633	15.480880728206	18.108918078942
2.5120000839233	15.957713596507	18.210420377161
2.5139999389648	16.453200160513	18.299646560236
2.5160000324249	16.967559361398	18.375040673963
2.5179998874664	17.500940108822	18.435001902598
2.5199999809265	18.05335697855	18.477782041701
2.5220000743866	18.624727931154	18.501540373461
2.5239999294281	19.214829218387	18.50436831768
2.5260000228882	19.823262108576	18.484234528635
2.5280001163483	20.449471848012	18.439026059615
2.5299999713898	21.09269881881	18.366593747004
2.5320000648499	21.751969357988	18.264683106199
2.5339999198914	22.426071851558	18.131023606793
2.5360000133514	23.113533468015	17.963338799962
2.5380001068115	23.812619950686	17.759325548424
2.539999961853	24.521290038147	17.51675996541
2.5420000553131	25.237193834883	17.233453486901
2.5439999103546	25.957682303582	16.907354577199
2.5460000038147	26.679756026401	16.536533003623
2.5480000972748	27.400113299831	16.119311053578
2.5499999523163	28.115124226888	15.654247901657
2.5520000457764	28.820856130449	15.140178812717
2.5539999008179	29.513104772478	14.576365631887
2.555999994278	30.187411910541	13.962422070219
2.558000087738	30.839133094421	13.298481858338
2.5599999427795	31.463472917686	12.585180906275
2.5620000362396	32.055556327706	11.823691273185
2.5639998912811	32.610514468059	11.015806072661
2.5659999847412	33.1235519034	10.163903264376
2.5680000782013	33.590053024956	9.2709738102208
2.5699999332428	34.005667439324	8.340627023649
2.5720000267029	34.366398659883	7.3770234583457
2.5739998817444	34.668706530385	6.3848683793104
2.5759999752045	34.909581937271	5.3693221987601
2.5780000686646	35.086628345724	4.3359503017255
2.5799999237061	35.198115067484	3.2906160241358
2.5820000171661	35.243023876302	2.2393752974555
2.5840001106262	35.221075992761	1.1883758406252
2.5859999656677	35.132740219419	0.14376400366348
2.5880000591278	34.97920809708	-0.8884762787107
2.5899999141693	34.76237232734	-1.9025661396012
2.5920000076294	34.484767893152	-2.8930828110445
2.5940001010895	34.149515929758	-3.8550048514746
2.595999956131	33.760226996149	-4.7837961860773
2.5980000495911	33.320943632254	-5.6754734964894
2.5999999046326	32.836011827633	-6.5266191582285
2.6019999980927	32.310029988669	-7.3344235233579
2.6040000915527	31.747720394491	-8.096666084923
2.6059999465942	31.15386586267	-8.8117178102695
2.6080000400543	30.533224873452	-9.4785350582923
2.6099998950958	29.890453713709	-10.096577635384
2.6119999885559	29.230063190117	-10.665825947931
2.614000082016	28.556346945547	-11.186693346878
2.6159999370575	27.873352054023	-11.659967998875
2.6180000305176	27.184859260471	-12.086811929099
2.6199998855591	26.494342927719	-12.468637954172
2.6219999790192	25.804969414997	-12.807129022131
2.6240000724792	25.119593568391	-13.10412545405
2.6259999275208	24.440755298601	-13.361617996425
2.6280000209808	23.770701632936	-13.58171582404
2.6300001144409	23.111371828448	-13.766564155276
2.6319999694824	22.464431391499	-13.918345902144
2.6340000629425	21.831291782161	-14.039278842329
2.635999917984	21.21311360037	-14.131501840581
2.6380000114441	20.610838771163	-14.197176508623
2.6400001049042	20.0252008459	-14.238366907462
2.6419999599457	19.456743749378	-14.257068303115
2.6440000534058	18.905861389062	-14.255230577244
2.6459999084473	18.372778760777	-14.234673703823
2.6480000019073	17.85760568901	-14.197175170785
2.6500000953674	17.360326603718	-14.144370294091
2.6519999504089	16.880828174229	-14.07782568043
2.654000043869	16.418914219753	-13.999016385706
2.6559998989105	15.974305281062	-13.909296760813
2.6579999923706	15.546669637467	-13.809961529765
2.6600000858307	15.135612913838	-13.702186109368
2.6619999408722	14.740698292951	-13.587065168744
2.6640000343323	14.361462946585	-13.465613994042
2.6659998893738	13.997400625286	-13.33875733583
2.6679999828339	13.64800236347	-13.2073675729
2.6700000762939	13.312720260524	-13.072190743499
2.6719999313354	12.991020001633	-12.933946899014
2.6740000247955	12.682344345023	-12.793285793629
2.6760001182556	12.386145968641	-12.650765175569
2.6779999732971	12.101863775462	-12.506899544676
2.6800000667572	11.82895885448	-12.36216597244
2.6819999217987	11.566895546319	-12.216945194954
2.6840000152588	11.315140794316	-12.071624807861
2.6860001087189	11.073180436532	-11.926492087209
2.6879999637604	10.8405176412	-11.781817498515
2.6900000572205	10.616661984139	-11.637849947834
2.691999912262	10.401150842298	-11.494749598338
2.694000005722	10.193530417274	-11.352688980183
2.6960000991821	9.9933754096696	-11.211813188894
2.6979999542236	9.8002716393623	-11.0721949397
2.7000000476837	9.6138343426933	-10.93391443007
2.7019999027252	9.4336871742262	-10.79701208901
2.7039999961853	9.2595009770834	-10.661544300771
2.7060000896454	9.0909391249907	-10.527507955171
2.7079999446869	8.9277000346657	-10.39488584901
2.710000038147	8.7695082516328	-10.263685977898
2.7119998931885	8.6160998231295	-10.133865950759
2.7139999866486	8.4672368591273	-10.005396902781
2.7160000801086	8.3227005598377	-9.8782296093826
2.7179999351501	8.1822893977066	-9.7523033705441
2.7200000286102	8.0458278225894	-9.6275952728969
2.7219998836517	7.9131489817321	-9.5040141934096
2.7239999771118	7.7841099143838	-9.3815278895108
2.7260000705719	7.6585740415812	-9.2600909008534
2.7279999256134	7.5364355269969	-9.1396208345023
2.7300000190735	7.4175814340269	-9.0200857875438
2.7320001125336	7.3019330833387	-8.9014622800658
2.7339999675751	7.189402114207	-8.7836580074162
2.7360000610352	7.0799240249509	-8.6666651540433
2.7379999160767	6.9734412826531	-8.5504530466706
2.7400000095367	6.8699020870512	-8.4350324006356
2.7420001029968	6.7692511745536	-8.3203353321521
2.7439999580383	6.671454703182	-8.2063505316429
2.7460000514984	6.5764734916651	-8.0931245550252
2.7479999065399	6.4842692024253	-7.9806088211157
2.75	6.3948127782351	-7.8688609203729
2.7520000934601	6.3080684455483	-7.7578684662013
2.7539999485016	6.2240009173642	-7.6476292491527
2.7560000419617	6.142581612707	-7.5382238948637
2.7579998970032	6.0637702440121	-7.4296366776395
2.7599999904633	5.987531913315	-7.3219483357037
2.7620000839233	5.9138188204996	-7.2151543202092
2.7639999389648	5.8425921389254	-7.1093124084463
2.7660000324249	5.7738026098813	-7.0044755382252
2.7679998874664	5.7073966566205	-6.9006523273008
2.7699999809265	5.643316887541	-6.7979442458461
2.7720000743866	5.5815037328598	-6.6963456137989
2.7739999294281	5.5218882439572	-6.5959122188783
2.7760000228882	5.4643989945453	-6.4966954408733
2.7780001163483	5.4089716416655	-6.3987255330931
2.7799999713898	5.3555188948056	-6.30205746281
2.7820000648499	5.3039658861689	-6.2066928745172
2.7839999198914	5.2542223710649	-6.1126750288408
2.7860000133514	5.20620508217	-6.0200418415031
2.7880001068115	5.1598246456479	-5.9287980954804
2.789999961853	5.1149860051268	-5.8389555699405
2.7920000553131	5.0716038263175	-5.7505315791368
2.7939999103546	5.0295775735775	-5.6635150926561
2.7960000038147	4.9888212226339	-5.5779120698034
2.7980000972748	4.9492397956348	-5.493713809698
2.7999999523163	4.9107439021803	-5.4108884852994
2.8020000457764	4.8732456177136	-5.3294477254762
2.8039999008179	4.8366559255318	-5.249317932721
2.805999994278	4.8008987998134	-5.1705040291844
2.808000087738	4.7658890116048	-5.0929557738876
2.8099999427795	4.7315569965987	-5.0166093007738
2.8120000362396	4.6978345213689	-4.9414440917211
2.8139998912811	4.6646519357109	-4.8673881208929
2.8159999847412	4.6319557882653	-4.7944014370341
2.8180000782013	4.5996940536109	-4.722415131159
2.8199999332428	4.5678190160181	-4.6513657607813
2.8220000267029	4.536290679384	-4.5812076222811
2.8239998817444	4.50507916522	-4.5118552339445
2.8259999752045	4.474154722015	-4.4432634879929
2.8280000686646	4.4435041462798	-4.3753620670828
2.8299999237061	4.4131066646513	-4.3080796437192
2.8320000171661	4.3829573639903	-4.2413674512559
2.8340001106262	4.3530590294669	-4.1751593986052
2.8359999656677	4.3234145275016	-4.1093970339087
2.8380000591278	4.294030465047	-4.0440416837531
2.8399999141693	4.2649284946645	-3.9790230413238
2.8420000076294	4.2361202628429	-3.9143228587038
2.8440001010895	4.2076386350742	-3.8498852828436
2.845999956131	4.1795027730524	-3.7856713478165
2.8480000495911	4.1517453028438	-3.7216707296302
2.8499999046326	4.1243986445376	-3.6578332890878
2.8519999980927	4.0974920957258	-3.5941682042732
2.8540000915527	4.0710609801323	-3.5306516570493
2.8559999465942	4.0451408501193	-3.4672552570589
2.8580000400543	4.0197618305105	-3.4040187476176
2.8599998950958	3.9949616433994	-3.3409079234541
2.8619999885559	3.9707639817441	-3.2779570610843
2.864000082016	3.9472038700233	-3.2151663780154
2.8659999370575	3.9243065466037	-3.1525436556124
2.8680000305176	3.902092235517	-3.0901406493751
2.8699998855591	3.8805777641532	-3.0279492857962
2.8719999790192	3.859789381067	-2.9660347437745
2.8740000724792	3.8397293619171	-2.9043969362278
2.8759999275208	3.8204062746528	-2.8430764538061
2.8780000209808	3.8018259751351	-2.7821271451988
2.8800001144409	3.7839793424377	-2.7215661895526
2.8819999694824	3.7668693600152	-2.6614322871361
2.8840000629425	3.7504778736399	-2.6017706860176
2.885999917984	3.7347859391208	-2.5426037512481
2.8880000114441	3.7197741910078	-2.4839809168716
2.8900001049042	3.7054224893344	-2.4259277120201
2.8919999599457	3.6916958109115	-2.3684650453849
2.8940000534058	3.6785602818828	-2.3116448157793
2.8959999084473	3.6659821512962	-2.2554621244991
2.8980000019073	3.6539196829224	-2.1999685507345
2.9000000953674	3.64233209884	-2.1451671023706
2.9019999504089	3.6311707033532	-2.0910532180976
2.904000043869	3.6203939908004	-2.0376657316728
2.9059998989105	3.6099497154385	-1.9849835666638
2.9079999923706	3.5997929292199	-1.9330277242535
2.9100000858307	3.5898727594168	-1.8817839684193
2.9119999408722	3.5801437467223	-1.8312343729852
2.9140000343323	3.5705578250643	-1.7813734459185
2.9159998893738	3.5610683585615	-1.7321739981353
2.9179999828339	3.5516376925636	-1.6836284600335
2.9200000762939	3.5422165716687	-1.6356933513552
2.9219999313354	3.5327738911238	-1.5883344648368
2.9240000247955	3.5232728516003	-1.5415233729967
2.9260001182556	3.5136847740437	-1.4952375775951
2.9279999732971	3.5039788421726	-1.4493963862542
2.9300000667572	3.4941386467455	-1.4039954867343
2.9319999217987	3.484144125079	-1.3589667612277
2.9340000152588	3.4739825511164	-1.3142939829179
2.9360001087189	3.4636474933626	-1.2698984115353
2.9379999637604	3.4531353344225	-1.2257412751612
2.9400000572205	3.4424485005984	-1.1817965893506
2.941999912262	3.4315914250254	-1.1379868999775
2.944000005722	3.4205753876729	-1.0943063009411
2.9460000991821	3.4094239525088	-1.0506957379622
2.9479999542236	3.3981512855243	-1.0071074234805
2.9500000476837	3.3867736435128	-0.9635212113011
2.9519999027252	3.3753248791468	-0.91989721264795
2.9539999961853	3.3638428012248	-0.87622124917738
2.9560000896454	3.3523506211672	-0.8324491994681
2.9579999446869	3.340878764216	-0.78857029750327
2.960000038147	3.3294695435117	-0.74457062656616
2.9619998931885	3.3181668102323	-0.70043589865939
2.9639999866486	3.3069933066634	-0.65617195968326
2.9660000801086	3.2959976156637	-0.61177103342635
2.9679999351501	3.2852163017034	-0.56722387030084
2.9700000286102	3.274679990537	-0.5225578054902
2.9719998836517	3.2644301795588	-0.47777008797139
2.9739999771118	3.2544958090968	-0.43289409306546
2.9760000705719	3.2449012965171	-0.38793677909467
2.9779999256134	3.2356845367652	-0.34291546363165
2.9800000190735	3.226864479776	-0.29787937029467
2.9820001125336	3.2184556388598	-0.25284337945943
2.9839999675751	3.2104877658131	-0.20783996537155
2.9860000610352	3.2029585508842	-0.16291051669794
2.9879999160767	3.1958897999483	-0.11808092197103
2.9900000095367	3.1892712486156	-0.073396006829303
2.9920001029968	3.1831150019443	-0.028902449614228
2.9939999580383	3.1774097571832	0.015392929860466
2.9960000514984	3.172141040943	0.059424793121877
2.9979999065399	3.1673031473022	0.10317168474983
3	3.1628720058532	0.14659545995351
3.0020000934601	3.1588254722741	0.18966501083213
3.0039999485016	3.1551448840149	0.23236433898853
3.0060000419617	3.1517866431883	0.27464519219035
3.0079998970032	3.1487340807381	0.31649963084066
3.0099999904633	3.145940396519	0.3578991155385
3.0120000839233	3.1433722162276	0.39883495225031
3.0139999389648	3.140989359674	0.43930378359213
3.0160000324249	3.138757047432	0.47928494458867
3.0179998874664	3.1366214746649	0.51878479643151
3.0199999809265	3.1345543391607	0.55780132681031
3.0220000743866	3.132512135388	0.596331129364
3.0239999294281	3.1304502722054	0.63441650478058
3.0260000228882	3.1283252050385	0.67204786145423
3.0280001163483	3.1261130312998	0.70924178686228
3.0299999713898	3.1237687230815	0.74604041750442
3.0320000648499	3.121260994357	0.78247039542869
3.0339999198914	3.1185672468459	0.81854577455241
3.0360000133514	3.1156552878017	0.85431348650372
3.0380001068115	3.1125017405808	0.88980203262397
3.039999961853	3.1090976211849	0.92505942518091
3.0420000553131	3.105424179784	0.96011599379277
3.0439999103546	3.1014697133542	0.99503568289124
3.0460000038147	3.0972379431517	1.0298247277283
3.0480000972748	3.0927200692815	1.0645481679807
3.0499999523163	3.0879312029329	1.0992570634482
3.0520000457764	3.0828738468996	1.1339746338722
3.0539999008179	3.0775647410156	1.1687436337248
3.055999994278	3.0720227366544	1.2035924023483
3.058000087738	3.0662688058017	1.238573010769
3.0599999427795	3.0603245269688	1.2737188429107
3.0620000362396	3.0542310008302	1.3090402609354
3.0639998912811	3.048010885149	1.3445767831249
3.0659999847412	3.0417013207017	1.3803447094383
3.0680000782013	3.0353413481183	1.4163541942399
3.0699999332428	3.0289635487651	1.4526394143392
3.0720000267029	3.0226096243401	1.4891883733419
3.0739998817444	3.016324768508	1.5260171597923
3.0759999752045	3.0101477974516	1.5631047150013
3.0780000686646	3.0041128048919	1.600453985005
3.0799999237061	2.9982534308213	1.6380747380945
3.0820000171661	2.9926219116098	1.6759214851266
3.0840001106262	2.9872359896115	1.7139903990408
3.0859999656677	2.9821425965454	1.7522703105381
3.0880000591278	2.9773597659873	1.790704110282
3.0899999141693	2.9729185210682	1.8292961298558
3.0920000076294	2.9688329075241	1.8679800054189
3.0940001010895	2.9651344137673	1.9067341604865
3.095999956131	2.9618255681242	1.9455428928104
3.0980000495911	2.9589162368166	1.9843389708035
3.0999999046326	2.9564205236867	2.0230937055777
3.1019999980927	2.9543237010294	2.0617610525932
3.1040000915527	2.9526318645009	2.100312744937
3.1059999465942	2.9513369634353	2.1387098919341
3.1080000400543	2.9504118612497	2.1769022489964
3.1099998950958	2.9498528339364	2.2148660110886
3.1119999885559	2.949631773827	2.2525480151966
3.114000082016	2.9497242083964	2.2899346710862
3.1159999370575	2.9500945024748	2.3270055351775
3.1180000305176	2.9507077253424	2.3637142192292
3.1199998855591	2.9515409995236	2.4000517165922
3.1219999790192	2.9525387040571	2.435997621029
3.1240000724792	2.9536730518503	2.4715418108438
3.1259999275208	2.9548971133158	2.5066800058635
3.1280000209808	2.956171231496	2.5414022268129
3.1300001144409	2.9574498021898	2.5757074231665
3.1319999694824	2.9586913390377	2.6096209425482
3.1340000629425	2.9598483872265	2.6431241862826
3.135999917984	2.9608914888435	2.6762722906859
3.1380000114441	2.9617738525406	2.7090548152734
3.1400001049042	2.9624669910161	2.7414972828579
3.1419999599457	2.9629263596364	2.7736638848649
3.1440000534058	2.9631270045698	2.8055423601375
3.1459999084473	2.9630478222908	2.8372116325923
3.1480000019073	2.9626649016131	2.8686632033673
3.1500000953674	2.9619571969939	2.899971221852
3.1519999504089	2.9609141107415	2.9311734327487
3.154000043869	2.9595260122448	2.9623125444384
3.1559998989105	2.9577891177405	2.9934378442485
3.1579999923706	2.9557153247511	3.0245781501298
3.1600000858307	2.9532996828042	3.0557896733324
3.1619999408722	2.9505611053621	3.0871254598328
3.1640000343323	2.9475099619085	3.1186081703264
3.1659998893738	2.944177742889	3.150296115198
3.1679999828339	2.9405843691106	3.1822003409513
3.1700000762939	2.9367602443505	3.2143850228377
3.1719999313354	2.9327393300504	3.2468688865269
3.1740000247955	2.9285615267869	3.2796630691651
3.1760001182556	2.9242610407624	3.3128102362419
3.1779999732971	2.9198846267194	3.3463191654187
3.1800000667572	2.9154745289562	3.3802070024637
3.1819999217987	2.9110786621902	3.4144725361446
3.1840000152588	2.9067290697368	3.4491191149712
3.1860001087189	2.9024890927094	3.4841444093383
3.1879999637604	2.8983945692706	3.5195487316451
3.1900000572205	2.8944854884602	3.5553015245209
3.191999912262	2.890805659494	3.5914080151779
3.194000005722	2.887396941255	3.6278256375538
3.1960000991821	2.8842927585338	3.6645255457409
3.1979999542236	2.8815256833422	3.7014985126373
3.2000000476837	2.8791255324434	3.7386832622673
3.2019999027252	2.8771217710761	3.7760594198896
3.2039999961853	2.8755246378122	3.8135759346857
3.2060000896454	2.8743542565554	3.8511861932901
3.2079999446869	2.8736244671671	3.8888652795099
3.210000038147	2.8733376408802	3.9265406586418
3.2119998931885	2.8734869931203	3.9641924149554
3.2139999866486	2.8740736949802	4.0017489532455
3.2160000801086	2.8750860695641	4.0391809180718
3.2179999351501	2.8765072468926	4.0764495025857
3.2200000286102	2.8783188295973	4.1134941702958
3.2219998836517	2.8804850535669	4.1503017686907
3.2239999771118	2.8829853012273	4.1867960161077
3.2260000705719	2.8857791903282	4.2229731952318
3.2279999256134	2.8888224718277	4.2588214580346
3.2300000190735	2.8920859966505	4.2942674713628
3.2320001125336	2.8955154189005	4.3293309331128
3.2339999675751	2.8990714988157	4.3639905839597
3.2360000610352	2.9026947228224	4.3982236791146
3.2379999160767	2.9063429919499	4.432046436841
3.2400000095367	2.9099640742941	4.4654427775933
3.2420001029968	2.9135087177892	4.4984392658039
3.2439999580383	2.9169276432858	4.5310412787071
3.2460000514984	2.9201766329614	4.5632638618675
3.2479999065399	2.9232061258682	4.5951419860466
3.25	2.9259803468977	4.626689281552
3.2520000934601	2.9284546292405	4.6579593323916
3.2539999485016	2.9305962307645	4.6889948568587
3.2560000419617	2.932376433325	4.7198147371589
3.2579998970032	2.9337728484554	4.7504784512532
3.2599999904633	2.9347613728839	4.781043873561
3.2620000839233	2.9353262010315	4.8115501556687
3.2639999389648	2.9354699454594	4.8420570215008
3.2660000324249	2.9351767545426	4.8726109725565
3.2679998874664	2.9344594155603	4.903279308423
3.2699999809265	2.9333243782712	4.9340972643985
3.2720000743866	2.9317915487476	4.965128506203
3.2739999294281	2.9298796733745	4.9964323143135
3.2760000228882	2.9276127778183	5.0280298892251
3.2780001163483	2.9250320862389	5.0599781757211
3.2799999713898	2.9221686504165	5.0923319572596
3.2820000648499	2.9190679725057	5.1251058884662
3.2839999198914	2.9157774306327	5.1583488624571
3.2860000133514	2.9123424333242	5.1920660820931
3.2880001068115	2.908813193234	5.2262906937035
3.289999961853	2.9052477693839	5.2610331001793
3.2920000553131	2.901701064537	5.2963020989692
3.2939999103546	2.8982279034535	5.3321067898413
3.2960000038147	2.8948875822552	5.368417334106
3.2980000972748	2.8917286392005	5.405240464719
3.2999999523163	2.8888092496428	5.4425614413133
3.3020000457764	2.8861780263836	5.4803457122681
3.3039999008179	2.8838851910366	5.5185852874405
3.305999994278	2.8819737437386	5.5572086459809
3.308000087738	2.88048630291	5.596197181539
3.3099999427795	2.8794548616439	5.6355181326975
3.3120000362396	2.8789141370765	5.6750952876623
3.3139998912811	2.8788855343801	5.7149081560167
3.3159999847412	2.879387128793	5.7548731603873
3.3180000782013	2.8804318175424	5.7949484930536
3.3199999332428	2.882025994674	5.8350761253588
3.3220000267029	2.8841703035223	5.8751866510579
3.3239998817444	2.8868539597582	5.9152479135212
3.3259999752045	2.8900635179469	5.9551713108528
3.3280000686646	2.8937794671246	5.9949122358338
3.3299999237061	2.8979723330746	6.0344400835243
3.3320000171661	2.9026090195615	6.0736725697255
3.3340001106262	2.9076480300702	6.1125725530189
3.3359999656677	2.9130440616139	6.151126948312
3.3380000591278	2.918754288472	6.1892600450853
3.3399999141693	2.9247172016355	6.2269685899965
3.3420000076294	2.93088226601	6.2642026059888
3.3440001010895	2.9371828541151	6.3009721720321
3.345999956131	2.9435623630819	6.3372592463623
3.3480000495911	2.9499526254616	6.3730496544409
3.3499999046326	2.9562923238186	6.4083651783374
3.3519999980927	2.9625172158806	6.4432025177238
3.3540000915527	2.9685662201757	6.4775803801138
3.3559999465942	2.9743777718775	6.511539558916
3.3580000400543	2.9798941248956	6.5450970226955
3.3599998950958	2.9850627133278	6.5783042979341
3.3619999885559	2.9898365940319	6.6111891503529
3.364000082016	2.9941676593286	6.6438247653557
3.3659999370575	2.9980212713066	6.6762643759878
3.3680000305176	3.0013622745072	6.7085482779187
3.3699998855591	3.0041714919548	6.7407773235815
3.3719999790192	3.0064304706528	6.7729793795072
3.3740000724792	3.0081243859748	6.8052495093489
3.3759999275208	3.009257666764	6.8376547600216
3.3780000209808	3.0098334186447	6.870252677385
3.3800001144409	3.0098671227861	6.903120099153
3.3819999694824	3.0093805334816	6.9363357109725
3.3840000629425	3.0084059433878	6.9699506538763
3.385999917984	3.006976156524	7.0040465520451
3.3880000114441	3.0051381291426	7.0386510296705
3.3900001049042	3.0029466755296	7.0738411021481
3.3919999599457	3.0004518419603	7.1096578272364
3.3940000534058	2.9977184975525	7.1461328666297
3.3959999084473	2.9948161207739	7.1833195294925
3.3980000019073	2.9918053334397	7.2212122848788
3.4000000953674	2.9887676414512	7.2598459740591
3.4019999504089	2.9857735708527	7.2992498166225
3.404000043869	2.9828993839856	7.3393879566202
3.4059998989105	2.9802193310205	7.3802769352207
3.4079999923706	2.9778067713238	7.4218863606193
3.4100000858307	2.9757324219458	7.4641899902031
3.4119999408722	2.9740669177323	7.5071753860474
3.4140000343323	2.9728755125534	7.55078173078
3.4159998893738	2.972219251011	7.5949830403155
3.4179999828339	2.9721432780264	7.6396990057077
3.4200000762939	2.9727072187104	7.6848814398209
3.4219999313354	2.973948996898	7.7304786971101
3.4240000247955	2.9758971279887	7.7763943397345
3.4260001182556	2.9785811200531	7.8225670960248
3.4279999732971	2.9820155550026	7.8689275870968
3.4300000667572	2.9862131105565	7.9153850371849
3.4319999217987	2.9911641984608	7.961864969244
3.4340000152588	2.9968627072051	8.0082890969214
3.4360001087189	3.0032841450467	8.0545703512694
3.4379999637604	3.0104073261362	8.100647385125
3.4400000572205	3.0181911925616	8.1464368331229
3.441999912262	3.0265900321503	8.1918884458526
3.444000005722	3.0355460342011	8.2369104893534
3.4460000991821	3.0450015572029	8.281468452031
3.4479999542236	3.054886538056	8.3255097013569
3.4500000476837	3.0651277678804	8.3689799144945
3.4519999027252	3.0756501646144	8.4118752826404
3.4539999961853	3.0863613027433	8.4541322306481
3.4560000896454	3.0971855153477	8.4957693009031
3.4579999446869	3.1080241696709	8.5367734853902
3.460000038147	3.1187981838879	8.5771431639768
3.4619998931885	3.1294140070993	8.6168971445426
3.4639999866486	3.1397875923354	8.656068046254
3.4660000801086	3.1498328256477	8.6946820905367
3.4679999351501	3.1594713711437	8.7328063743395
3.4700000286102	3.1686261181146	8.7704698327881
3.4719998836517	3.1772300879235	8.8077570063142
3.4739999771118	3.1852218906361	8.8447341808998
3.4760000705719	3.1925481291857	8.8814805064589
3.4779999256134	3.1991676384725	8.9181024326505
3.4800000190735	3.205037854349	8.9546498944944
3.4820001125336	3.2101451378242	8.9912483207178
3.4839999675751	3.2144702739025	9.0280003075175
3.4860000610352	3.2180111033795	9.0649952046681
3.4879999160767	3.2207871554397	9.1023385139117
3.4900000095367	3.2228083338578	9.1401197597993
3.4920001029968	3.2241105379897	9.1784481048687
3.4939999580383	3.2247364970408	9.2174226033427
3.4960000514984	3.2247440365109	9.2571091781458
3.4979999065399	3.2241988037366	9.2976290007053
3.5	3.2231651461404	9.3390123857349
