CST XY Data Exchange Format V2

Title    = S-Parameters
Xlabel   = Frequency / GHz
Ylabel   = dB

Curvelabel          = S1,1_(6)
Filename            = ^cS1(1)1(1).sig
Npoints             = 1001
Type                = 8
Subtype             = 16
Logfactor           = 20
Result type         = complex:none;impedance
View type           = Cartesian
Plot type           = Magnitude dB
Data/Title          = S-Parameters
X/Label             = Frequency
X/Unit              = GHz
Y/Unit              = 
Y/Logfactor         = 20
Parameters          = {L_slot=7.6; W_slot=1; L_patch=28; L_ustrip=14.45; W_ground=56.9; W_patch=36.1; W_sub=56.9; h_sub=1.6; t_copper=0.035; w_ustrip=3.2; Deembeed=-22.05}
Plot/wrapHeuristics = 0

1.5	-0.96303045749664	-0.048381395637989	50.288286666563	0
1.5019999742508	-0.96286380290985	-0.047553058713675	50.288286666563	0
1.5039999485016	-0.96266847848892	-0.046740245074034	50.288286666563	0
1.5060000419617	-0.96244639158249	-0.045946318656206	50.288286666563	0
1.5080000162125	-0.96219968795776	-0.045173041522503	50.288286666563	0
1.5099999904633	-0.96193093061447	-0.044422414153814	50.288286666563	0
1.5119999647141	-0.96164262294769	-0.043697088956833	50.288286666563	0
1.5140000581741	-0.96133762598038	-0.042997904121876	50.288286666563	0
1.5160000324249	-0.96101886034012	-0.042326372116804	50.288286666563	0
1.5180000066757	-0.9606893658638	-0.041683532297611	50.288286666563	0
1.5199999809265	-0.96035206317902	-0.041070185601711	50.288286666563	0
1.5219999551773	-0.96001011133194	-0.040486451238394	50.288286666563	0
1.5240000486374	-0.95966666936874	-0.039932187646627	50.288286666563	0
1.5260000228882	-0.95932459831238	-0.03940749168396	50.288286666563	0
1.527999997139	-0.95898705720901	-0.038911994546652	50.288286666563	0
1.5299999713898	-0.95865684747696	-0.03844416514039	50.288286666563	0
1.5319999456406	-0.95833677053452	-0.038003150373697	50.288286666563	0
1.5340000391006	-0.95802938938141	-0.03758741542697	50.288286666563	0
1.5360000133514	-0.95773714780807	-0.03719586879015	50.288286666563	0
1.5379999876022	-0.95746248960495	-0.036825809627771	50.288286666563	0
1.539999961853	-0.9572069644928	-0.036475904285908	50.288286666563	0
1.5420000553131	-0.95697295665741	-0.036143444478512	50.288286666563	0
1.5440000295639	-0.95676165819168	-0.035826168954372	50.288286666563	0
1.5460000038147	-0.95657449960709	-0.035521805286407	50.288286666563	0
1.5479999780655	-0.95641249418259	-0.035226944833994	50.288286666563	0
1.5499999523163	-0.95627635717392	-0.034939974546432	50.288286666563	0
1.5520000457764	-0.95616656541824	-0.034657243639231	50.288286666563	0
1.5540000200272	-0.95608329772949	-0.034376226365566	50.288286666563	0
1.555999994278	-0.95602649450302	-0.034094605594873	50.288286666563	0
1.5579999685287	-0.95599585771561	-0.033808927983046	50.288286666563	0
1.5599999427795	-0.95599061250687	-0.033517550677061	50.288286666563	0
1.5620000362396	-0.95601004362106	-0.033216997981071	50.288286666563	0
1.5640000104904	-0.95605307817459	-0.032905381172895	50.288286666563	0
1.5659999847412	-0.95611816644669	-0.032580118626356	50.288286666563	0
1.567999958992	-0.95620375871658	-0.03223953768611	50.288286666563	0
1.5700000524521	-0.95630830526352	-0.031881272792816	50.288286666563	0
1.5720000267029	-0.95642983913422	-0.031503867357969	50.288286666563	0
1.5740000009537	-0.95656609535217	-0.031105393543839	50.288286666563	0
1.5759999752045	-0.95671504735947	-0.030685072764754	50.288286666563	0
1.5779999494553	-0.95687437057495	-0.030241442844272	50.288286666563	0
1.5800000429153	-0.95704174041748	-0.029773717746139	50.288286666563	0
1.5820000171661	-0.95721459388733	-0.029281562194228	50.288286666563	0
1.5839999914169	-0.95739060640335	-0.028764437884092	50.288286666563	0
1.5859999656677	-0.95756721496582	-0.028222475200891	50.288286666563	0
1.5880000591278	-0.95774215459824	-0.02765559963882	50.288286666563	0
1.5900000333786	-0.95791274309158	-0.027064414694905	50.288286666563	0
1.5920000076294	-0.95807683467865	-0.026449542492628	50.288286666563	0
1.5939999818802	-0.95823222398758	-0.025811607018113	50.288286666563	0
1.595999956131	-0.95837676525116	-0.025152171030641	50.288286666563	0
1.5980000495911	-0.95850843191147	-0.024471873417497	50.288286666563	0
1.6000000238419	-0.95862543582916	-0.023772755637765	50.288286666563	0
1.6019999980927	-0.95872616767883	-0.023056175559759	50.288286666563	0
1.6039999723434	-0.95880907773972	-0.022323729470372	50.288286666563	0
1.6059999465942	-0.95887291431427	-0.021577715873718	50.288286666563	0
1.6080000400543	-0.95891654491425	-0.020819982513785	50.288286666563	0
1.6100000143051	-0.95893913507462	-0.020052617415786	50.288286666563	0
1.6119999885559	-0.95894002914429	-0.019277716055512	50.288286666563	0
1.6139999628067	-0.95891892910004	-0.018497381359339	50.288286666563	0
1.6160000562668	-0.95887541770935	-0.017713947221637	50.288286666563	0
1.6180000305176	-0.95880973339081	-0.016929987818003	50.288286666563	0
1.6200000047684	-0.9587219953537	-0.016146929934621	50.288286666563	0
1.6219999790192	-0.95861274003983	-0.015367117710412	50.288286666563	0
1.62399995327	-0.95848262310028	-0.014592903666198	50.288286666563	0
1.62600004673	-0.95833253860474	-0.013826170004904	50.288286666563	0
1.6280000209808	-0.95816344022751	-0.013068802654743	50.288286666563	0
1.6299999952316	-0.95797657966614	-0.012322226539254	50.288286666563	0
1.6319999694824	-0.9577733874321	-0.011588091030717	50.288286666563	0
1.6339999437332	-0.9575554728508	-0.010868039913476	50.288286666563	0
1.6360000371933	-0.95732438564301	-0.010163255035877	50.288286666563	0
1.6380000114441	-0.95708191394806	-0.0094746807590127	50.288286666563	0
1.6399999856949	-0.95682996511459	-0.0088032595813274	50.288286666563	0
1.6419999599457	-0.95657020807266	-0.0081499246880412	50.288286666563	0
1.6440000534058	-0.95630496740341	-0.0075146914459765	50.288286666563	0
1.6460000276566	-0.95603603124619	-0.0068980259820819	50.288286666563	0
1.6480000019073	-0.95576542615891	-0.0063001587986946	50.288286666563	0
1.6499999761581	-0.95549511909485	-0.0057208617217839	50.288286666563	0
1.6519999504089	-0.95522713661194	-0.0051599000580609	50.288286666563	0
1.654000043869	-0.95496338605881	-0.004616807680577	50.288286666563	0
1.6560000181198	-0.9547056555748	-0.0040904320776463	50.288286666563	0
1.6579999923706	-0.95445555448532	-0.0035805890802294	50.288286666563	0
1.6599999666214	-0.95421493053436	-0.0030855445656925	50.288286666563	0
1.6619999408722	-0.9539852142334	-0.0026046552229673	50.288286666563	0
1.6640000343323	-0.95376765727997	-0.0021365324500948	50.288286666563	0
1.6660000085831	-0.95356374979019	-0.0016793329268694	50.288286666563	0
1.6679999828339	-0.9533743262291	-0.0012318949447945	50.288286666563	0
1.6699999570847	-0.95320028066635	-0.0007926020771265	50.288286666563	0
1.6720000505447	-0.95304262638092	-0.00035915640182793	50.288286666563	0
1.6740000247955	-0.95290166139603	6.9603280280717e-05	50.288286666563	0
1.6759999990463	-0.95277780294418	0.00049551919801161	50.288286666563	0
1.6779999732971	-0.95267128944397	0.00092065986245871	50.288286666563	0
1.6799999475479	-0.95258206129074	0.0013470929116011	50.288286666563	0
1.682000041008	-0.95250999927521	0.0017762038623914	50.288286666563	0
1.6840000152588	-0.95245456695557	0.0022096037864685	50.288286666563	0
1.6859999895096	-0.95241552591324	0.0026496448554099	50.288286666563	0
1.6879999637604	-0.95239186286926	0.0030973611865193	50.288286666563	0
1.6900000572205	-0.95238298177719	0.0035546484868973	50.288286666563	0
1.6920000314713	-0.95238763093948	0.0040228851139545	50.288286666563	0
1.694000005722	-0.95240497589111	0.0045034503564239	50.288286666563	0
1.6959999799728	-0.95243358612061	0.0049977190792561	50.288286666563	0
1.6979999542236	-0.95247197151184	0.0055061574093997	50.288286666563	0
1.7000000476837	-0.95251893997192	0.0060303630307317	50.288286666563	0
1.7020000219345	-0.95257264375687	0.0065707974135876	50.288286666563	0
1.7039999961853	-0.95263183116913	0.0071281450800598	50.288286666563	0
1.7059999704361	-0.95269471406937	0.0077028595842421	50.288286666563	0
1.7079999446869	-0.95275944471359	0.0082951663061976	50.288286666563	0
1.710000038147	-0.95282471179962	0.0089052831754088	50.288286666563	0
1.7120000123978	-0.95288854837418	0.0095329731702805	50.288286666563	0
1.7139999866486	-0.95294934511185	0.010177992284298	50.288286666563	0
1.7159999608994	-0.9530057311058	0.010840096510947	50.288286666563	0
1.7180000543594	-0.95305591821671	0.011518576182425	50.288286666563	0
1.7200000286102	-0.95309859514236	0.012213178910315	50.288286666563	0
1.722000002861	-0.95313227176666	0.012922736816108	50.288286666563	0
1.7239999771118	-0.95315557718277	0.013646076433361	50.288286666563	0
1.7259999513626	-0.95316761732101	0.014382706023753	50.288286666563	0
1.7280000448227	-0.95316708087921	0.015130992978811	50.288286666563	0
1.7300000190735	-0.95315313339233	0.015889532864094	50.288286666563	0
1.7319999933243	-0.95312494039536	0.016657138243318	50.288286666563	0
1.7339999675751	-0.95308190584183	0.017432861030102	50.288286666563	0
1.7359999418259	-0.95302355289459	0.018214607611299	50.288286666563	0
1.7380000352859	-0.95294934511185	0.01900096796453	50.288286666563	0
1.7400000095367	-0.95285946130753	0.019790770485997	50.288286666563	0
1.7419999837875	-0.95275354385376	0.020582146942616	50.288286666563	0
1.7439999580383	-0.95263183116913	0.021373705938458	50.288286666563	0
1.7460000514984	-0.9524946808815	0.022163821384311	50.288286666563	0
1.7480000257492	-0.95234245061874	0.022951330989599	50.288286666563	0
1.75	-0.95217561721802	0.02373462356627	50.288286666563	0
1.7519999742508	-0.9519949555397	0.024512546136975	50.288286666563	0
1.7539999485016	-0.95180124044418	0.02528372593224	50.288286666563	0
1.7560000419617	-0.95159554481506	0.026047253981233	50.288286666563	0
1.7580000162125	-0.95137864351273	0.026801774278283	50.288286666563	0
1.7599999904633	-0.95115202665329	0.027546843513846	50.288286666563	0
1.7619999647141	-0.95091664791107	0.028281120583415	50.288286666563	0
1.7640000581741	-0.9506738781929	0.029004177078605	50.288286666563	0
1.7660000324249	-0.95042496919632	0.029715362936258	50.288286666563	0
1.7680000066757	-0.95017153024673	0.030414717271924	50.288286666563	0
1.7699999809265	-0.9499146938324	0.031101830303669	50.288286666563	0
1.7719999551773	-0.94965600967407	0.031776301562786	50.288286666563	0
1.7740000486374	-0.94939696788788	0.032438404858112	50.288286666563	0
1.7760000228882	-0.94913876056671	0.033088427037001	50.288286666563	0
1.777999997139	-0.94888293743134	0.033726651221514	50.288286666563	0
1.7799999713898	-0.94863069057465	0.034353364259005	50.288286666563	0
1.7819999456406	-0.94838339090347	0.034969307482243	50.288286666563	0
1.7840000391006	-0.94814199209213	0.035574998706579	50.288286666563	0
1.7860000133514	-0.94790786504745	0.03617162629962	50.288286666563	0
1.7879999876022	-0.94768196344376	0.036759931594133	50.288286666563	0
1.789999961853	-0.94746512174606	0.037340875715017	50.288286666563	0
1.7920000553131	-0.9472581744194	0.037915408611298	50.288286666563	0
1.7940000295639	-0.94706189632416	0.038485400378704	50.288286666563	0
1.7960000038147	-0.94687658548355	0.039051339030266	50.288286666563	0
1.7979999780655	-0.94670295715332	0.039614859968424	50.288286666563	0
1.7999999523163	-0.94654113054276	0.040177118033171	50.288286666563	0
1.8020000457764	-0.94639152288437	0.040739502757788	50.288286666563	0
1.8040000200272	-0.94625371694565	0.041303396224976	50.288286666563	0
1.805999994278	-0.94612812995911	0.041870392858982	50.288286666563	0
1.8079999685287	-0.94601410627365	0.042441185563803	50.288286666563	0
1.8099999427795	-0.94591152667999	0.043017357587814	50.288286666563	0
1.8120000362396	-0.94581985473633	0.043600268661976	50.288286666563	0
1.8140000104904	-0.94573843479156	0.044191036373377	50.288286666563	0
1.8159999847412	-0.9456667304039	0.044790551066399	50.288286666563	0
1.817999958992	-0.94560366868973	0.04539992660284	50.288286666563	0
1.8200000524521	-0.94554847478867	0.04602025821805	50.288286666563	0
1.8220000267029	-0.9455001950264	0.046652190387249	50.288286666563	0
1.8240000009537	-0.94545757770538	0.047296594828367	50.288286666563	0
1.8259999752045	-0.9454197883606	0.047953877598047	50.288286666563	0
1.8279999494553	-0.94538551568985	0.04862467199564	50.288286666563	0
1.8300000429153	-0.94535338878632	0.049309369176626	50.288286666563	0
1.8320000171661	-0.94532245397568	0.050008367747068	50.288286666563	0
1.8339999914169	-0.9452913403511	0.050721153616905	50.288286666563	0
1.8359999656677	-0.94525867700577	0.051448561251163	50.288286666563	0
1.8380000591278	-0.94522339105606	0.052189841866493	50.288286666563	0
1.8400000333786	-0.9451841711998	0.05294493585825	50.288286666563	0
1.8420000076294	-0.94513988494873	0.053713761270046	50.288286666563	0
1.8439999818802	-0.94508939981461	0.054495338350534	50.288286666563	0
1.845999956131	-0.94503170251846	0.055289596319199	50.288286666563	0
1.8480000495911	-0.94496566057205	0.05609555542469	50.288286666563	0
1.8500000238419	-0.94489055871964	0.056912232190371	50.288286666563	0
1.8519999980927	-0.94480526447296	0.057739105075598	50.288286666563	0
1.8539999723434	-0.94470936059952	0.058575201779604	50.288286666563	0
1.8559999465942	-0.94460201263428	0.059419311583042	50.288286666563	0
1.8580000400543	-0.94448274374008	0.060270715504885	50.288286666563	0
1.8600000143051	-0.94435119628906	0.061127755790949	50.288286666563	0
1.8619999885559	-0.94420695304871	0.061989929527044	50.288286666563	0
1.8639999628067	-0.94404989480972	0.06285584717989	50.288286666563	0
1.8660000562668	-0.94388008117676	0.06372432410717	50.288286666563	0
1.8680000305176	-0.94369745254517	0.064593978226185	50.288286666563	0
1.8700000047684	-0.94350206851959	0.065464109182358	50.288286666563	0
1.8719999790192	-0.94329434633255	0.06633310765028	50.288286666563	0
1.87399995327	-0.94307470321655	0.067200772464275	50.288286666563	0
1.87600004673	-0.94284349679947	0.068065047264099	50.288286666563	0
1.8780000209808	-0.94260156154633	0.068925499916077	50.288286666563	0
1.8799999952316	-0.94234943389893	0.069781489670277	50.288286666563	0
1.8819999694824	-0.94208782911301	0.070631667971611	50.288286666563	0
1.8839999437332	-0.94181776046753	0.071475647389889	50.288286666563	0
1.8860000371933	-0.94154000282288	0.072312571108341	50.288286666563	0
1.8880000114441	-0.94125562906265	0.073142044246197	50.288286666563	0
1.8899999856949	-0.94096559286118	0.073963902890682	50.288286666563	0
1.8919999599457	-0.94067108631134	0.074777327477932	50.288286666563	0
1.8940000534058	-0.94037294387817	0.075582608580589	50.288286666563	0
1.8960000276566	-0.94007247686386	0.076379172503948	50.288286666563	0
1.8980000019073	-0.93977069854736	0.077167548239231	50.288286666563	0
1.8999999761581	-0.93946874141693	0.077947378158569	50.288286666563	0
1.9019999504089	-0.93916761875153	0.078718990087509	50.288286666563	0
1.904000043869	-0.93886834383011	0.079483143985271	50.288286666563	0
1.9060000181198	-0.938571870327	0.080240160226822	50.288286666563	0
1.9079999923706	-0.93827933073044	0.080990143120289	50.288286666563	0
1.9099999666214	-0.93799149990082	0.081734076142311	50.288286666563	0
1.9119999408722	-0.93770909309387	0.08247272670269	50.288286666563	0
1.9140000343323	-0.93743306398392	0.083206847310066	50.288286666563	0
1.9160000085831	-0.93716382980347	0.08393719047308	50.288286666563	0
1.9179999828339	-0.93690210580826	0.084664732217789	50.288286666563	0
1.9199999570847	-0.9366483092308	0.08539043366909	50.288286666563	0
1.9220000505447	-0.93640273809433	0.086115472018719	50.288286666563	0
1.9240000247955	-0.93616563081741	0.086841009557247	50.288286666563	0
1.9259999990463	-0.93593728542328	0.087567776441574	50.288286666563	0
1.9279999732971	-0.93571764230728	0.088297128677368	50.288286666563	0
1.9299999475479	-0.93550670146942	0.089029774069786	50.288286666563	0
1.932000041008	-0.93530410528183	0.089767277240753	50.288286666563	0
1.9340000152588	-0.93510979413986	0.090510308742523	50.288286666563	0
1.9359999895096	-0.93492323160172	0.091260217130184	50.288286666563	0
1.9379999637604	-0.93474406003952	0.092017628252506	50.288286666563	0
1.9400000572205	-0.93457168340683	0.092783421278	50.288286666563	0
1.9420000314713	-0.93440538644791	0.093558892607689	50.288286666563	0
1.944000005722	-0.93424451351166	0.094344437122345	50.288286666563	0
1.9459999799728	-0.93408817052841	0.095140889286995	50.288286666563	0
1.9479999542236	-0.93393564224243	0.095949061214924	50.288286666563	0
1.9500000476837	-0.93378579616547	0.096769101917744	50.288286666563	0
1.9520000219345	-0.93363797664642	0.097601376473904	50.288286666563	0
1.9539999961853	-0.93349075317383	0.098446905612946	50.288286666563	0
1.9559999704361	-0.93334341049194	0.099305354058743	50.288286666563	0
1.9579999446869	-0.93319481611252	0.10017707198858	50.288286666563	0
1.960000038147	-0.93304389715195	0.10106194019318	50.288286666563	0
1.9620000123978	-0.93288969993591	0.10196007043123	50.288286666563	0
1.9639999866486	-0.93273121118546	0.1028711348772	50.288286666563	0
1.9659999608994	-0.93256735801697	0.10379520058632	50.288286666563	0
1.9680000543594	-0.93239706754684	0.10473149269819	50.288286666563	0
1.9700000286102	-0.93221968412399	0.1056796759367	50.288286666563	0
1.972000002861	-0.93203413486481	0.10663916915655	50.288286666563	0
1.9739999771118	-0.93183982372284	0.10760962218046	50.288286666563	0
1.9759999513626	-0.93163579702377	0.10859028249979	50.288286666563	0
1.9780000448227	-0.93142157793045	0.10958012193441	50.288286666563	0
1.9800000190735	-0.93119645118713	0.11057837307453	50.288286666563	0
1.9819999933243	-0.93096005916595	0.11158448457718	50.288286666563	0
1.9839999675751	-0.9307119846344	0.11259704083204	50.288286666563	0
1.9859999418259	-0.9304518699646	0.1136155128479	50.288286666563	0
1.9880000352859	-0.93017953634262	0.11463892459869	50.288286666563	0
1.9900000095367	-0.92989504337311	0.11566634476185	50.288286666563	0
1.9919999837875	-0.92959827184677	0.11669637262821	50.288286666563	0
1.9939999580383	-0.92928922176361	0.11772876232862	50.288286666563	0
1.9960000514984	-0.92896831035614	0.11876191198826	50.288286666563	0
1.9980000257492	-0.92863565683365	0.11979537457228	50.288286666563	0
2	-0.92829173803329	0.12082803994417	50.288286666563	0
2.0020000934601	-0.92793697118759	0.12185925245285	50.288286666563	0
2.0039999485016	-0.92757201194763	0.12288839370012	50.288286666563	0
2.0060000419617	-0.92719745635986	0.12391413748264	50.288286666563	0
2.0079998970032	-0.92681384086609	0.12493658065796	50.288286666563	0
2.0099999904633	-0.92642211914062	0.12595485150814	50.288286666563	0
2.0120000839233	-0.92602300643921	0.12696862220764	50.288286666563	0
2.0139999389648	-0.92561739683151	0.12797731161118	50.288286666563	0
2.0160000324249	-0.92520606517792	0.12898078560829	50.288286666563	0
2.0179998874664	-0.92479008436203	0.12997916340828	50.288286666563	0
2.0199999809265	-0.92437034845352	0.13097167015076	50.288286666563	0
2.0220000743866	-0.92394769191742	0.13195887207985	50.288286666563	0
2.0239999294281	-0.92352312803268	0.13294066488743	50.288286666563	0
2.0260000228882	-0.9230974316597	0.13391740620136	50.288286666563	0
2.0280001163483	-0.92267167568207	0.13488924503326	50.288286666563	0
2.0299999713898	-0.92224657535553	0.13585652410984	50.288286666563	0
2.0320000648499	-0.92182302474976	0.13681980967522	50.288286666563	0
2.0339999198914	-0.92140161991119	0.13777989149094	50.288286666563	0
2.0360000133514	-0.92098325490952	0.13873712718487	50.288286666563	0
2.0380001068115	-0.92056858539581	0.13969230651855	50.288286666563	0
2.039999961853	-0.9201580286026	0.14064618945122	50.288286666563	0
2.0420000553131	-0.91975212097168	0.1415997594595	50.288286666563	0
2.0439999103546	-0.91935122013092	0.14255353808403	50.288286666563	0
2.0460000038147	-0.91895574331284	0.14350898563862	50.288286666563	0
2.0480000972748	-0.91856569051743	0.1444665491581	50.288286666563	0
2.0499999523163	-0.91818141937256	0.14542742073536	50.288286666563	0
2.0520000457764	-0.91780281066895	0.1463927179575	50.288286666563	0
2.0539999008179	-0.91742968559265	0.14736337959766	50.288286666563	0
2.055999994278	-0.9170623421669	0.14834007620811	50.288286666563	0
2.058000087738	-0.91669994592667	0.14932408928871	50.288286666563	0
2.0599999427795	-0.91634249687195	0.15031629800797	50.288286666563	0
2.0620000362396	-0.91598945856094	0.15131734311581	50.288286666563	0
2.0639998912811	-0.91564017534256	0.15232868492603	50.288286666563	0
2.0659999847412	-0.91529405117035	0.15335069596767	50.288286666563	0
2.0680000782013	-0.91495072841644	0.15438397228718	50.288286666563	0
2.0699999332428	-0.91460907459259	0.15542949736118	50.288286666563	0
2.0720000267029	-0.9142684340477	0.15648780763149	50.288286666563	0
2.0739998817444	-0.91392785310745	0.15755923092365	50.288286666563	0
2.0759999752045	-0.91358637809753	0.15864472091198	50.288286666563	0
2.0780000686646	-0.91324329376221	0.15974412858486	50.288286666563	0
2.0799999237061	-0.91289752721786	0.16085770726204	50.288286666563	0
2.0820000171661	-0.91254794597626	0.16198574006557	50.288286666563	0
2.0840001106262	-0.91219359636307	0.16312846541405	50.288286666563	0
2.0859999656677	-0.91183352470398	0.16428573429585	50.288286666563	0
2.0880000591278	-0.91146671772003	0.16545730829239	50.288286666563	0
2.0899999141693	-0.91109222173691	0.16664324700832	50.288286666563	0
2.0920000076294	-0.91070902347565	0.16784310340881	50.288286666563	0
2.0940001010895	-0.91031640768051	0.16905623674393	50.288286666563	0
2.095999956131	-0.9099133014679	0.17028269171715	50.288286666563	0
2.0980000495911	-0.90949904918671	0.17152138054371	50.288286666563	0
2.0999999046326	-0.90907275676727	0.17277254164219	50.288286666563	0
2.1019999980927	-0.90863388776779	0.17403425276279	50.288286666563	0
2.1040000915527	-0.90818178653717	0.1753067523241	50.288286666563	0
2.1059999465942	-0.90771597623825	0.17658880352974	50.288286666563	0
2.1080000400543	-0.90723598003387	0.17788000404835	50.288286666563	0
2.1099998950958	-0.90674155950546	0.17917916178703	50.288286666563	0
2.1119999885559	-0.9062322974205	0.18048542737961	50.288286666563	0
2.114000082016	-0.90570813417435	0.18179808557034	50.288286666563	0
2.1159999370575	-0.905169069767	0.18311589956284	50.288286666563	0
2.1180000305176	-0.90461510419846	0.18443816900253	50.288286666563	0
2.1199998855591	-0.90404617786407	0.18576437234879	50.288286666563	0
2.1219999790192	-0.90346264839172	0.1870933920145	50.288286666563	0
2.1240000724792	-0.90286487340927	0.1884241104126	50.288286666563	0
2.1259999275208	-0.90225315093994	0.18975605070591	50.288286666563	0
2.1280000209808	-0.90162795782089	0.19108884036541	50.288286666563	0
2.1300001144409	-0.90098989009857	0.19242137670517	50.288286666563	0
2.1319999694824	-0.90033930540085	0.19375309348106	50.288286666563	0
2.1340000629425	-0.89967733621597	0.19508361816406	50.288286666563	0
2.135999917984	-0.89900416135788	0.19641280174255	50.288286666563	0
2.1380000114441	-0.89832091331482	0.19773989915848	50.288286666563	0
2.1400001049042	-0.89762812852859	0.19906458258629	50.288286666563	0
2.1419999599457	-0.89692682027817	0.2003870010376	50.288286666563	0
2.1440000534058	-0.89621776342392	0.20170682668686	50.288286666563	0
2.1459999084473	-0.89550167322159	0.2030244320631	50.288286666563	0
2.1480000019073	-0.89477944374084	0.20433981716633	50.288286666563	0
2.1500000953674	-0.89405208826065	0.20565286278725	50.288286666563	0
2.1519999504089	-0.8933202624321	0.20696423947811	50.288286666563	0
2.154000043869	-0.89258444309235	0.20827448368073	50.288286666563	0
2.1559998989105	-0.89184582233429	0.20958380401134	50.288286666563	0
2.1579999923706	-0.89110487699509	0.21089263260365	50.288286666563	0
2.1600000858307	-0.89036214351654	0.21220229566097	50.288286666563	0
2.1619999408722	-0.88961815834045	0.21351303160191	50.288286666563	0
2.1640000343323	-0.88887363672256	0.21482582390308	50.288286666563	0
2.1659998893738	-0.88812893629074	0.2161407917738	50.288286666563	0
2.1679999828339	-0.88738411664963	0.21745978295803	50.288286666563	0
2.1700000762939	-0.88663965463638	0.21878293156624	50.288286666563	0
2.1719999313354	-0.88589549064636	0.22011283040047	50.288286666563	0
2.1740000247955	-0.88515144586563	0.22144953906536	50.288286666563	0
2.1760001182556	-0.88440799713135	0.22279314696789	50.288286666563	0
2.1779999732971	-0.88366460800171	0.22414618730545	50.288286666563	0
2.1800000667572	-0.88292133808136	0.22550781071186	50.288286666563	0
2.1819999217987	-0.88217747211456	0.22688056528568	50.288286666563	0
2.1840000152588	-0.8814325928688	0.22826519608498	50.288286666563	0
2.1860001087189	-0.88068598508835	0.22966334223747	50.288286666563	0
2.1879999637604	-0.87993729114532	0.23107486963272	50.288286666563	0
2.1900000572205	-0.87918573617935	0.2325004786253	50.288286666563	0
2.191999912262	-0.87843024730682	0.23394173383713	50.288286666563	0
2.194000005722	-0.87767028808594	0.23539842665195	50.288286666563	0
2.1960000991821	-0.8769046664238	0.23687201738358	50.288286666563	0
2.1979999542236	-0.87613201141357	0.2383639216423	50.288286666563	0
2.2000000476837	-0.87535184621811	0.23987221717834	50.288286666563	0
2.2019999027252	-0.8745630979538	0.24139828979969	50.288286666563	0
2.2039999961853	-0.87376397848129	0.24294348061085	50.288286666563	0
2.2060000896454	-0.87295365333557	0.24450749158859	50.288286666563	0
2.2079999446869	-0.87213069200516	0.24609073996544	50.288286666563	0
2.210000038147	-0.87129437923431	0.24769124388695	50.288286666563	0
2.2119998931885	-0.87044304609299	0.24931195378304	50.288286666563	0
2.2139999866486	-0.86957573890686	0.25094991922379	50.288286666563	0
2.2160000801086	-0.86869126558304	0.25260645151138	50.288286666563	0
2.2179999351501	-0.86778861284256	0.25428029894829	50.288286666563	0
2.2200000286102	-0.86686646938324	0.25597178936005	50.288286666563	0
2.2219998836517	-0.86592411994934	0.25767955183983	50.288286666563	0
2.2239999771118	-0.86496025323868	0.25940361618996	50.288286666563	0
2.2260000705719	-0.86397403478622	0.26114305853844	50.288286666563	0
2.2279999256134	-0.86296498775482	0.26289686560631	50.288286666563	0
2.2300000190735	-0.86193197965622	0.26466447114944	50.288286666563	0
2.2320001125336	-0.86087447404861	0.26644480228424	50.288286666563	0
2.2339999675751	-0.85979199409485	0.26823714375496	50.288286666563	0
2.2360000610352	-0.85868400335312	0.27004048228264	50.288286666563	0
2.2379999160767	-0.85755026340485	0.27185365557671	50.288286666563	0
2.2400000095367	-0.85639035701752	0.27367612719536	50.288286666563	0
2.2420001029968	-0.85520428419113	0.27550637722015	50.288286666563	0
2.2439999580383	-0.85399174690247	0.27734416723251	50.288286666563	0
2.2460000514984	-0.85275304317474	0.27918779850006	50.288286666563	0
2.2479999065399	-0.85148805379868	0.28103706240654	50.288286666563	0
2.25	-0.85019701719284	0.28289073705673	50.288286666563	0
2.2520000934601	-0.84888023138046	0.28474828600883	50.288286666563	0
2.2539999485016	-0.8475381731987	0.28660875558853	50.288286666563	0
2.2560000419617	-0.84617114067078	0.28847146034241	50.288286666563	0
2.2579998970032	-0.84477990865707	0.2903359234333	50.288286666563	0
2.2599999904633	-0.84336459636688	0.29220181703568	50.288286666563	0
2.2620000839233	-0.84192627668381	0.29406866431236	50.288286666563	0
2.2639999389648	-0.84046500921249	0.29593616724014	50.288286666563	0
2.2660000324249	-0.83898192644119	0.29780420660973	50.288286666563	0
2.2679998874664	-0.83747750520706	0.29967242479324	50.288286666563	0
2.2699999809265	-0.83595252037048	0.30154111981392	50.288286666563	0
2.2720000743866	-0.83440750837326	0.30341032147408	50.288286666563	0
2.2739999294281	-0.83284312486649	0.30528035759926	50.288286666563	0
2.2760000228882	-0.83126002550125	0.30715155601501	50.288286666563	0
2.2780001163483	-0.82965874671936	0.30902442336082	50.288286666563	0
2.2799999713898	-0.82803970575333	0.31089940667152	50.288286666563	0
2.2820000648499	-0.82640337944031	0.31277725100517	50.288286666563	0
2.2839999198914	-0.82475030422211	0.31465843319893	50.288286666563	0
2.2860000133514	-0.8230807185173	0.31654405593872	50.288286666563	0
2.2880001068115	-0.82139468193054	0.31843492388725	50.288286666563	0
2.289999961853	-0.81969237327576	0.32033205032349	50.288286666563	0
2.2920000553131	-0.8179737329483	0.32223626971245	50.288286666563	0
2.2939999103546	-0.81623840332031	0.32414910197258	50.288286666563	0
2.2960000038147	-0.81448650360107	0.32607105374336	50.288286666563	0
2.2980000972748	-0.81271731853485	0.32800361514091	50.288286666563	0
2.2999999523163	-0.81093049049377	0.32994797825813	50.288286666563	0
2.3020000457764	-0.8091254234314	0.3319049179554	50.288286666563	0
2.3039999008179	-0.8073011636734	0.33387592434883	50.288286666563	0
2.305999994278	-0.80545693635941	0.3358618915081	50.288286666563	0
2.308000087738	-0.80359143018723	0.33786392211914	50.288286666563	0
2.3099999427795	-0.80170392990112	0.33988294005394	50.288286666563	0
2.3120000362396	-0.79979258775711	0.34192001819611	50.288286666563	0
2.3139998912811	-0.79785639047623	0.3439759016037	50.288286666563	0
2.3159999847412	-0.79589372873306	0.34605154395103	50.288286666563	0
2.3180000782013	-0.79390281438828	0.3481477200985	50.288286666563	0
2.3199999332428	-0.79188197851181	0.35026460886002	50.288286666563	0
2.3220000267029	-0.78982925415039	0.35240304470062	50.288286666563	0
2.3239998817444	-0.78774309158325	0.35456314682961	50.288286666563	0
2.3259999752045	-0.7856211066246	0.3567453622818	50.288286666563	0
2.3280000686646	-0.78346163034439	0.35894981026649	50.288286666563	0
2.3299999237061	-0.78126233816147	0.3611761033535	50.288286666563	0
2.3320000171661	-0.77902138233185	0.36342421174049	50.288286666563	0
2.3340001106262	-0.77673637866974	0.36569380760193	50.288286666563	0
2.3359999656677	-0.77440512180328	0.36798465251923	50.288286666563	0
2.3380000591278	-0.77202570438385	0.37029582262039	50.288286666563	0
2.3399999141693	-0.76959615945816	0.37262663245201	50.288286666563	0
2.3420000076294	-0.76711398363113	0.37497633695602	50.288286666563	0
2.3440001010895	-0.76457750797272	0.37734362483025	50.288286666563	0
2.345999956131	-0.76198470592499	0.37972727417946	50.288286666563	0
2.3480000495911	-0.75933343172073	0.38212630152702	50.288286666563	0
2.3499999046326	-0.75662213563919	0.38453924655914	50.288286666563	0
2.3519999980927	-0.75384885072708	0.38696464896202	50.288286666563	0
2.3540000915527	-0.75101208686829	0.38940051198006	50.288286666563	0
2.3559999465942	-0.74811029434204	0.39184525609016	50.288286666563	0
2.3580000400543	-0.74514192342758	0.39429748058319	50.288286666563	0
2.3599998950958	-0.74210554361343	0.39675521850586	50.288286666563	0
2.3619999885559	-0.73900014162064	0.39921623468399	50.288286666563	0
2.364000082016	-0.73582458496094	0.40167906880379	50.288286666563	0
2.3659999370575	-0.73257774114609	0.40414148569107	50.288286666563	0
2.3680000305176	-0.72925889492035	0.40660157799721	50.288286666563	0
2.3699998855591	-0.72586703300476	0.40905749797821	50.288286666563	0
2.3719999790192	-0.72240197658539	0.41150712966919	50.288286666563	0
2.3740000724792	-0.71886283159256	0.41394862532616	50.288286666563	0
2.3759999275208	-0.71524900197983	0.4163803756237	50.288286666563	0
2.3780000209808	-0.71156054735184	0.41880026459694	50.288286666563	0
2.3800001144409	-0.70779687166214	0.42120641469955	50.288286666563	0
2.3819999694824	-0.70395797491074	0.42359751462936	50.288286666563	0
2.3840000629425	-0.70004332065582	0.42597183585167	50.288286666563	0
2.385999917984	-0.69605326652527	0.42832750082016	50.288286666563	0
2.3880000114441	-0.69198775291443	0.43066346645355	50.288286666563	0
2.3900001049042	-0.68784618377686	0.43297815322876	50.288286666563	0
2.3919999599457	-0.68362879753113	0.43527054786682	50.288286666563	0
2.3940000534058	-0.67933559417725	0.43753904104233	50.288286666563	0
2.3959999084473	-0.67496651411057	0.43978282809258	50.288286666563	0
2.3980000019073	-0.67052096128464	0.44200122356415	50.288286666563	0
2.4000000953674	-0.66599917411804	0.44419261813164	50.288286666563	0
2.4019999504089	-0.66140067577362	0.44635665416718	50.288286666563	0
2.404000043869	-0.65672487020493	0.44849282503128	50.288286666563	0
2.4059998989105	-0.65197169780731	0.45059961080551	50.288286666563	0
2.4079999923706	-0.6471403837204	0.45267698168755	50.288286666563	0
2.4100000858307	-0.64222955703735	0.45472434163094	50.288286666563	0
2.4119999408722	-0.63723921775818	0.45674067735672	50.288286666563	0
2.4140000343323	-0.63216757774353	0.45872554183006	50.288286666563	0
2.4159998893738	-0.62701392173767	0.46067827939987	50.288286666563	0
2.4179999828339	-0.62177628278732	0.4625982940197	50.288286666563	0
2.4200000762939	-0.61645340919495	0.4644847214222	50.288286666563	0
2.4219999313354	-0.61104345321655	0.46633663773537	50.288286666563	0
2.4240000247955	-0.60554456710815	0.46815320849419	50.288286666563	0
2.4260001182556	-0.59995454549789	0.46993315219879	50.288286666563	0
2.4279999732971	-0.5942707657814	0.47167539596558	50.288286666563	0
2.4300000667572	-0.58849090337753	0.47337859869003	50.288286666563	0
2.4319999217987	-0.58261251449585	0.47504064440727	50.288286666563	0
2.4340000152588	-0.57663279771805	0.4766598045826	50.288286666563	0
2.4360001087189	-0.57054847478867	0.47823405265808	50.288286666563	0
2.4379999637604	-0.56435650587082	0.47976088523865	50.288286666563	0
2.4400000572205	-0.55805426836014	0.48123729228973	50.288286666563	0
2.441999912262	-0.55163776874542	0.48266038298607	50.288286666563	0
2.444000005722	-0.54510414600372	0.48402673006058	50.288286666563	0
2.4460000991821	-0.53845012187958	0.48533210158348	50.288286666563	0
2.4479999542236	-0.53167229890823	0.48657277226448	50.288286666563	0
2.4500000476837	-0.52476716041565	0.48774367570877	50.288286666563	0
2.4519999027252	-0.51773178577423	0.48883998394012	50.288286666563	0
2.4539999961853	-0.51056307554245	0.48985621333122	50.288286666563	0
2.4560000896454	-0.50325757265091	0.49078634381294	50.288286666563	0
2.4579999446869	-0.49581322073936	0.49162402749062	50.288286666563	0
2.460000038147	-0.488226801157	0.49236240983009	50.288286666563	0
2.4619998931885	-0.48049652576447	0.49299424886703	50.288286666563	0
2.4639999866486	-0.47261983156204	0.49351197481155	50.288286666563	0
2.4660000801086	-0.46459540724754	0.4939072728157	50.288286666563	0
2.4679999351501	-0.45642173290253	0.49417182803154	50.288286666563	0
2.4700000286102	-0.44809830188751	0.49429658055305	50.288286666563	0
2.4719998836517	-0.43962419033051	0.49427229166031	50.288286666563	0
2.4739999771118	-0.43099990487099	0.4940892457962	50.288286666563	0
2.4760000705719	-0.42222616076469	0.49373742938042	50.288286666563	0
2.4779999256134	-0.41330367326736	0.49320667982101	50.288286666563	0
2.4800000190735	-0.40423467755318	0.49248641729355	50.288286666563	0
2.4820001125336	-0.39502149820328	0.49156579375267	50.288286666563	0
2.4839999675751	-0.38566747307777	0.49043405056	50.288286666563	0
2.4860000610352	-0.37617635726929	0.48907986283302	50.288286666563	0
2.4879999160767	-0.36655277013779	0.48749232292175	50.288286666563	0
2.4900000095367	-0.35680204629898	0.48565983772278	50.288286666563	0
2.4920001029968	-0.34693056344986	0.48357146978378	50.288286666563	0
2.4939999580383	-0.33694508671761	0.48121604323387	50.288286666563	0
2.4960000514984	-0.32685345411301	0.47858238220215	50.288286666563	0
2.4979999065399	-0.31666430830956	0.47565966844559	50.288286666563	0
2.5	-0.30638688802719	0.47243732213974	50.288286666563	0
2.5020000934601	-0.29603159427643	0.46890500187874	50.288286666563	0
2.5039999485016	-0.28560918569565	0.46505278348923	50.288286666563	0
2.5060000419617	-0.27513161301613	0.46087101101875	50.288286666563	0
2.5079998970032	-0.26461142301559	0.45635071396828	50.288286666563	0
2.5099999904633	-0.25406196713448	0.45148324966431	50.288286666563	0
2.5120000839233	-0.24349765479565	0.44626066088676	50.288286666563	0
2.5139999389648	-0.23293271660805	0.44067585468292	50.288286666563	0
2.5160000324249	-0.22238318622112	0.43472212553024	50.288286666563	0
2.5179998874664	-0.21186479926109	0.42839369177818	50.288286666563	0
2.5199999809265	-0.20139430463314	0.42168566584587	50.288286666563	0
2.5220000743866	-0.19098898768425	0.41459381580353	50.288286666563	0
2.5239999294281	-0.18066675961018	0.40711510181427	50.288286666563	0
2.5260000228882	-0.17044566571712	0.39924722909927	50.288286666563	0
2.5280001163483	-0.16034398972988	0.39098903536797	50.288286666563	0
2.5299999713898	-0.15038102865219	0.38234031200409	50.288286666563	0
2.5320000648499	-0.14057566225529	0.37330201268196	50.288286666563	0
2.5339999198914	-0.13094720244408	0.36387610435486	50.288286666563	0
2.5360000133514	-0.1215149089694	0.35406568646431	50.288286666563	0
2.5380001068115	-0.11229856312275	0.34387508034706	50.288286666563	0
2.539999961853	-0.10331718623638	0.33330968022346	50.288286666563	0
2.5420000553131	-0.094590254127979	0.32237601280212	50.288286666563	0
2.5439999103546	-0.086136758327484	0.31108176708221	50.288286666563	0
2.5460000038147	-0.077975548803806	0.29943588376045	50.288286666563	0
2.5480000972748	-0.070125065743923	0.28744834661484	50.288286666563	0
2.5499999523163	-0.062603406608105	0.27513030171394	50.288286666563	0
2.5520000457764	-0.055427994579077	0.26249399781227	50.288286666563	0
2.5539999008179	-0.048615876585245	0.24955269694328	50.288286666563	0
2.555999994278	-0.042183443903923	0.23632082343102	50.288286666563	0
2.558000087738	-0.036145932972431	0.2228137254715	50.288286666563	0
2.5599999427795	-0.030518729239702	0.20904771983624	50.288286666563	0
2.5620000362396	-0.025315182283521	0.19504009187222	50.288286666563	0
2.5639998912811	-0.02054850012064	0.18080891668797	50.288286666563	0
2.5659999847412	-0.016230989247561	0.16637313365936	50.288286666563	0
2.5680000782013	-0.012373437173665	0.15175241231918	50.288286666563	0
2.5699999332428	-0.0089858081191778	0.13696706295013	50.288286666563	0
2.5720000267029	-0.0060768006369472	0.12203806638718	50.288286666563	0
2.5739998817444	-0.0036543230526149	0.10698685795069	50.288286666563	0
2.5759999752045	-0.0017245894996449	0.09183544665575	50.288286666563	0
2.5780000686646	-0.00029296296997927	0.07660610973835	50.288286666563	0
2.5799999237061	0.00063681823667139	0.061321504414082	50.288286666563	0
2.5820000171661	0.0010619206586853	0.046004462987185	50.288286666563	0
2.5840001106262	0.00098102167248726	0.030677985399961	50.288286666563	0
2.5859999656677	0.00039406941505149	0.015365103259683	50.288286666563	0
2.5880000591278	-0.00069775147130713	8.883343252819e-05	50.288286666563	0
2.5899999141693	-0.0022918959148228	-0.015127928927541	50.288286666563	0
2.5920000076294	-0.0043845870532095	-0.030262485146523	50.288286666563	0
2.5940001010895	-0.0069707352668047	-0.045292418450117	50.288286666563	0
2.595999956131	-0.010044051334262	-0.060195665806532	50.288286666563	0
2.5980000495911	-0.013597020879388	-0.074950620532036	50.288286666563	0
2.5999999046326	-0.017620891332626	-0.089536175131798	50.288286666563	0
2.6019999980927	-0.022105801850557	-0.10393183678389	50.288286666563	0
2.6040000915527	-0.027040848508477	-0.11811774969101	50.288286666563	0
2.6059999465942	-0.032413985580206	-0.13207480311394	50.288286666563	0
2.6080000400543	-0.03821225464344	-0.14578466117382	50.288286666563	0
2.6099998950958	-0.044421706348658	-0.15922985970974	50.288286666563	0
2.6119999885559	-0.051027417182922	-0.17239387333393	50.288286666563	0
2.614000082016	-0.058013863861561	-0.18526105582714	50.288286666563	0
2.6159999370575	-0.065364763140678	-0.1978168040514	50.288286666563	0
2.6180000305176	-0.073062814772129	-0.21004761755466	50.288286666563	0
2.6199998855591	-0.081090524792671	-0.22194097936153	50.288286666563	0
2.6219999790192	-0.089429572224617	-0.23348554968834	50.288286666563	0
2.6240000724792	-0.098061576485634	-0.2446710318327	50.288286666563	0
2.6259999275208	-0.10696738213301	-0.2554883658886	50.288286666563	0
2.6280000209808	-0.11612755805254	-0.26592969894409	50.288286666563	0
2.6300001144409	-0.12552285194397	-0.2759881913662	50.288286666563	0
2.6319999694824	-0.13513351976871	-0.2856582403183	50.288286666563	0
2.6340000629425	-0.1449395865202	-0.29493561387062	50.288286666563	0
2.635999917984	-0.15492178499699	-0.30381682515144	50.288286666563	0
2.6380000114441	-0.16506035625935	-0.3122997879982	50.288286666563	0
2.6400001049042	-0.17533569037914	-0.32038363814354	50.288286666563	0
2.6419999599457	-0.18572875857353	-0.32806834578514	50.288286666563	0
2.6440000534058	-0.19622077047825	-0.33535504341125	50.288286666563	0
2.6459999084473	-0.20679278671741	-0.34224617481232	50.288286666563	0
2.6480000019073	-0.21742713451385	-0.34874457120895	50.288286666563	0
2.6500000953674	-0.22810597717762	-0.35485452413559	50.288286666563	0
2.6519999504089	-0.23881225287914	-0.36058107018471	50.288286666563	0
2.654000043869	-0.24952955543995	-0.36593002080917	50.288286666563	0
2.6559998989105	-0.26024177670479	-0.3709083199501	50.288286666563	0
2.6579999923706	-0.27093416452408	-0.37552294135094	50.288286666563	0
2.6600000858307	-0.28159204125404	-0.37978222966194	50.288286666563	0
2.6619999408722	-0.29220169782639	-0.38369497656822	50.288286666563	0
2.6640000343323	-0.30275017023087	-0.38727036118507	50.288286666563	0
2.6659998893738	-0.31322541832924	-0.39051818847656	50.288286666563	0
2.6679999828339	-0.32361596822739	-0.39344882965088	50.288286666563	0
2.6700000762939	-0.33391153812408	-0.3960727751255	50.288286666563	0
2.6719999313354	-0.34410232305527	-0.39840099215508	50.288286666563	0
2.6740000247955	-0.35417947173119	-0.40044471621513	50.288286666563	0
2.6760001182556	-0.36413526535034	-0.40221509337425	50.288286666563	0
2.6779999732971	-0.37396231293678	-0.40372395515442	50.288286666563	0
2.6800000667572	-0.38365411758423	-0.40498277544975	50.288286666563	0
2.6819999217987	-0.39320552349091	-0.40600311756134	50.288286666563	0
2.6840000152588	-0.40261149406433	-0.40679663419724	50.288286666563	0
2.6860001087189	-0.41186818480492	-0.40737473964691	50.288286666563	0
2.6879999637604	-0.42097237706184	-0.40774884819984	50.288286666563	0
2.6900000572205	-0.42992150783539	-0.40793001651764	50.288286666563	0
2.691999912262	-0.43871369957924	-0.40792912244797	50.288286666563	0
2.694000005722	-0.44734781980515	-0.40775710344315	50.288286666563	0
2.6960000991821	-0.45582309365273	-0.40742418169975	50.288286666563	0
2.6979999542236	-0.46413975954056	-0.40694025158882	50.288286666563	0
2.7000000476837	-0.47229796648026	-0.40631529688835	50.288286666563	0
2.7019999027252	-0.48029887676239	-0.4055583178997	50.288286666563	0
2.7039999961853	-0.48814398050308	-0.40467831492424	50.288286666563	0
2.7060000896454	-0.49583539366722	-0.40368357300758	50.288286666563	0
2.7079999446869	-0.50337451696396	-0.40258249640465	50.288286666563	0
2.710000038147	-0.51076459884644	-0.40138220787048	50.288286666563	0
2.7119998931885	-0.51800817251205	-0.40008983016014	50.288286666563	0
2.7139999866486	-0.52510821819305	-0.39871209859848	50.288286666563	0
2.7160000801086	-0.53206825256348	-0.39725521206856	50.288286666563	0
2.7179999351501	-0.53889101743698	-0.39572495222092	50.288286666563	0
2.7200000286102	-0.54558050632477	-0.39412638545036	50.288286666563	0
2.7219998836517	-0.55213993787766	-0.39246454834938	50.288286666563	0
2.7239999771118	-0.55857342481613	-0.39074298739433	50.288286666563	0
2.7260000705719	-0.56488370895386	-0.38896703720093	50.288286666563	0
2.7279999256134	-0.57107520103455	-0.38713908195496	50.288286666563	0
2.7300000190735	-0.57715046405792	-0.38526365160942	50.288286666563	0
2.7320001125336	-0.58311408758163	-0.38334184885025	50.288286666563	0
2.7339999675751	-0.58896815776825	-0.38137811422348	50.288286666563	0
2.7360000610352	-0.59471696615219	-0.37937265634537	50.288286666563	0
2.7379999160767	-0.60036271810532	-0.37732890248299	50.288286666563	0
2.7400000095367	-0.60590940713882	-0.37524697184563	50.288286666563	0
2.7420001029968	-0.61135840415955	-0.37313017249107	50.288286666563	0
2.7439999580383	-0.6167129278183	-0.37097865343094	50.288286666563	0
2.7460000514984	-0.62197494506836	-0.36879408359528	50.288286666563	0
2.7479999065399	-0.6271470785141	-0.36657664179802	50.288286666563	0
2.75	-0.63223093748093	-0.36432752013206	50.288286666563	0
2.7520000934601	-0.63722860813141	-0.36204707622528	50.288286666563	0
2.7539999485016	-0.64214110374451	-0.3597366809845	50.288286666563	0
2.7560000419617	-0.6469703912735	-0.3573956489563	50.288286666563	0
2.7579998970032	-0.65171712636948	-0.35502573847771	50.288286666563	0
2.7599999904633	-0.65638279914856	-0.35262650251389	50.288286666563	0
2.7620000839233	-0.66096770763397	-0.35019940137863	50.288286666563	0
2.7639999389648	-0.66547328233719	-0.3477438390255	50.288286666563	0
2.7660000324249	-0.66989934444427	-0.34526163339615	50.288286666563	0
2.7679998874664	-0.67424672842026	-0.34275260567665	50.288286666563	0
2.7699999809265	-0.67851567268372	-0.34021785855293	50.288286666563	0
2.7720000743866	-0.68270605802536	-0.3376590013504	50.288286666563	0
2.7739999294281	-0.6868189573288	-0.3350750207901	50.288286666563	0
2.7760000228882	-0.690853536129	-0.3324688076973	50.288286666563	0
2.7780001163483	-0.6948099732399	-0.32984122633934	50.288286666563	0
2.7799999713898	-0.69868886470795	-0.32719248533249	50.288286666563	0
2.7820000648499	-0.70248985290527	-0.3245245218277	50.288286666563	0
2.7839999198914	-0.70621299743652	-0.32183885574341	50.288286666563	0
2.7860000133514	-0.70985865592957	-0.31913694739342	50.288286666563	0
2.7880001068115	-0.7134268283844	-0.31642013788223	50.288286666563	0
2.789999961853	-0.71691739559174	-0.31369060277939	50.288286666563	0
2.7920000553131	-0.72033113241196	-0.31094977259636	50.288286666563	0
2.7939999103546	-0.72366797924042	-0.30819967389107	50.288286666563	0
2.7960000038147	-0.72692859172821	-0.30544206500053	50.288286666563	0
2.7980000972748	-0.73011320829391	-0.30267938971519	50.288286666563	0
2.7999999523163	-0.73322284221649	-0.29991307854652	50.288286666563	0
2.8020000457764	-0.73625791072845	-0.29714542627335	50.288286666563	0
2.8039999008179	-0.73921966552734	-0.29437837004662	50.288286666563	0
2.805999994278	-0.74210870265961	-0.29161429405212	50.288286666563	0
2.808000087738	-0.74492651224136	-0.28885453939438	50.288286666563	0
2.8099999427795	-0.74767428636551	-0.28610154986382	50.288286666563	0
2.8120000362396	-0.75035297870636	-0.28335735201836	50.288286666563	0
2.8139998912811	-0.75296491384506	-0.28062328696251	50.288286666563	0
2.8159999847412	-0.75551110506058	-0.2779013812542	50.288286666563	0
2.8180000782013	-0.7579932808876	-0.27519366145134	50.288286666563	0
2.8199999332428	-0.76041370630264	-0.27250123023987	50.288286666563	0
2.8220000267029	-0.76277405023575	-0.26982563734055	50.288286666563	0
2.8239998817444	-0.7650762796402	-0.26716849207878	50.288286666563	0
2.8259999752045	-0.7673225402832	-0.26453074812889	50.288286666563	0
2.8280000686646	-0.76951521635056	-0.26191383600235	50.288286666563	0
2.8299999237061	-0.77165615558624	-0.25931832194328	50.288286666563	0
2.8320000171661	-0.77374774217606	-0.25674536824226	50.288286666563	0
2.8340001106262	-0.77579230070114	-0.25419530272484	50.288286666563	0
2.8359999656677	-0.777792096138	-0.25166863203049	50.288286666563	0
2.8380000591278	-0.77974951267242	-0.2491657435894	50.288286666563	0
2.8399999141693	-0.78166651725769	-0.24668699502945	50.288286666563	0
2.8420000076294	-0.78354561328888	-0.24423211812973	50.288286666563	0
2.8440001010895	-0.78538882732391	-0.24180100858212	50.288286666563	0
2.845999956131	-0.78719836473465	-0.2393933981657	50.288286666563	0
2.8480000495911	-0.78897619247437	-0.23700925707817	50.288286666563	0
2.8499999046326	-0.79072433710098	-0.23464745283127	50.288286666563	0
2.8519999980927	-0.79244470596313	-0.23230744898319	50.288286666563	0
2.8540000915527	-0.79413908720016	-0.22998857498169	50.288286666563	0
2.8559999465942	-0.79580897092819	-0.22769007086754	50.288286666563	0
2.8580000400543	-0.79745590686798	-0.22541059553623	50.288286666563	0
2.8599998950958	-0.7990814447403	-0.22314913570881	50.288286666563	0
2.8619999885559	-0.80068665742874	-0.2209047973156	50.288286666563	0
2.864000082016	-0.80227297544479	-0.21867603063583	50.288286666563	0
2.8659999370575	-0.80384105443954	-0.21646203100681	50.288286666563	0
2.8680000305176	-0.80539178848267	-0.2142608910799	50.288286666563	0
2.8699998855591	-0.80692601203918	-0.21207179129124	50.288286666563	0
2.8719999790192	-0.80844402313232	-0.20989349484444	50.288286666563	0
2.8740000724792	-0.80994647741318	-0.20772422850132	50.288286666563	0
2.8759999275208	-0.81143337488174	-0.20556315779686	50.288286666563	0
2.8780000209808	-0.81290513277054	-0.20340900123119	50.288286666563	0
2.8800001144409	-0.8143612742424	-0.20126044750214	50.288286666563	0
2.8819999694824	-0.81580203771591	-0.19911652803421	50.288286666563	0
2.8840000629425	-0.81722718477249	-0.19697611033916	50.288286666563	0
2.885999917984	-0.81863617897034	-0.19483837485313	50.288286666563	0
2.8880000114441	-0.82002854347229	-0.19270233809948	50.288286666563	0
2.8900001049042	-0.82140380144119	-0.19056737422943	50.288286666563	0
2.8919999599457	-0.8227613568306	-0.1884326338768	50.288286666563	0
2.8940000534058	-0.82410049438477	-0.1862977296114	50.288286666563	0
2.8959999084473	-0.82542049884796	-0.18416218459606	50.288286666563	0
2.8980000019073	-0.82672065496445	-0.18202559649944	50.288286666563	0
2.9000000953674	-0.82800000905991	-0.17988812923431	50.288286666563	0
2.9019999504089	-0.82925790548325	-0.17774936556816	50.288286666563	0
2.904000043869	-0.83049356937408	-0.1756095290184	50.288286666563	0
2.9059998989105	-0.83170610666275	-0.17346881330013	50.288286666563	0
2.9079999923706	-0.83289468288422	-0.17132765054703	50.288286666563	0
2.9100000858307	-0.83405870199203	-0.1691862642765	50.288286666563	0
2.9119999408722	-0.83519744873047	-0.16704517602921	50.288286666563	0
2.9140000343323	-0.83631038665771	-0.16490483283997	50.288286666563	0
2.9159998893738	-0.83739680051804	-0.16276659071445	50.288286666563	0
2.9179999828339	-0.83845645189285	-0.1606305539608	50.288286666563	0
2.9200000762939	-0.83948874473572	-0.15849786996841	50.288286666563	0
2.9219999313354	-0.8404935002327	-0.15636977553368	50.288286666563	0
2.9240000247955	-0.84147047996521	-0.15424680709839	50.288286666563	0
2.9260001182556	-0.84241968393326	-0.15213023126125	50.288286666563	0
2.9279999732971	-0.84334117174149	-0.1500208824873	50.288286666563	0
2.9300000667572	-0.84423488378525	-0.14792042970657	50.288286666563	0
2.9319999217987	-0.8451012969017	-0.14582912623882	50.288286666563	0
2.9340000152588	-0.84594076871872	-0.14374868571758	50.288286666563	0
2.9360001087189	-0.84675365686417	-0.14167980849743	50.288286666563	0
2.9379999637604	-0.84754055738449	-0.13962398469448	50.288286666563	0
2.9400000572205	-0.84830236434937	-0.1375817656517	50.288286666563	0
2.941999912262	-0.84903955459595	-0.13555444777012	50.288286666563	0
2.944000005722	-0.84975320100784	-0.13354277610779	50.288286666563	0
2.9460000991821	-0.8504444360733	-0.13154749572277	50.288286666563	0
2.9479999542236	-0.851114153862	-0.12956930696964	50.288286666563	0
2.9500000476837	-0.85176336765289	-0.12760911881924	50.288286666563	0
2.9519999027252	-0.85239362716675	-0.12566730380058	50.288286666563	0
2.9539999961853	-0.85300576686859	-0.12374411523342	50.288286666563	0
2.9560000896454	-0.85360139608383	-0.12184048444033	50.288286666563	0
2.9579999446869	-0.85418182611465	-0.11995606124401	50.288286666563	0
2.960000038147	-0.85474818944931	-0.11809113621712	50.288286666563	0
2.9619998931885	-0.8553022146225	-0.11624578386545	50.288286666563	0
2.9639999866486	-0.85584485530853	-0.11441979557276	50.288286666563	0
2.9660000801086	-0.85637754201889	-0.11261323094368	50.288286666563	0
2.9679999351501	-0.85690176486969	-0.11082527786493	50.288286666563	0
2.9700000286102	-0.85741859674454	-0.10905610024929	50.288286666563	0
2.9719998836517	-0.85792946815491	-0.1073044911027	50.288286666563	0
2.9739999771118	-0.85843539237976	-0.10557017475367	50.288286666563	0
2.9760000705719	-0.85893756151199	-0.10385226458311	50.288286666563	0
2.9779999256134	-0.85943710803986	-0.1021496579051	50.288286666563	0
2.9800000190735	-0.8599346280098	-0.10046205669641	50.288286666563	0
2.9820001125336	-0.86043119430542	-0.098787888884544	50.288286666563	0
2.9839999675751	-0.86092752218246	-0.097126625478268	50.288286666563	0
2.9860000610352	-0.86142426729202	-0.095476448535919	50.288286666563	0
2.9879999160767	-0.86192202568054	-0.093836590647697	50.288286666563	0
2.9900000095367	-0.86242085695267	-0.092206232249737	50.288286666563	0
2.9920001029968	-0.86292147636414	-0.090583525598049	50.288286666563	0
2.9939999580383	-0.8634238243103	-0.088967636227608	50.288286666563	0
2.9960000514984	-0.8639280796051	-0.087357111275196	50.288286666563	0
2.9979999065399	-0.8644340634346	-0.085750870406628	50.288286666563	0
3	-0.8649417757988	-0.084147848188877	50.288286666563	0
3.0020000934601	-0.86545073986053	-0.082546941936016	50.288286666563	0
3.0039999485016	-0.86596065759659	-0.080946870148182	50.288286666563	0
3.0060000419617	-0.8664710521698	-0.079346932470798	50.288286666563	0
3.0079998970032	-0.86698120832443	-0.077745616436005	50.288286666563	0
3.0099999904633	-0.86749064922333	-0.076142638921738	50.288286666563	0
3.0120000839233	-0.8679986000061	-0.074537090957165	50.288286666563	0
3.0139999389648	-0.8685040473938	-0.072927862405777	50.288286666563	0
3.0160000324249	-0.86900627613068	-0.071314878761768	50.288286666563	0
3.0179998874664	-0.86950427293777	-0.06969702988863	50.288286666563	0
3.0199999809265	-0.86999720335007	-0.06807467341423	50.288286666563	0
3.0220000743866	-0.87048387527466	-0.066447108983994	50.288286666563	0
3.0239999294281	-0.87096339464188	-0.064814299345016	50.288286666563	0
3.0260000228882	-0.87143462896347	-0.063176177442074	50.288286666563	0
3.0280001163483	-0.87189668416977	-0.061532724648714	50.288286666563	0
3.0299999713898	-0.87234842777252	-0.059884313493967	50.288286666563	0
3.0320000648499	-0.87278908491135	-0.058231141418219	50.288286666563	0
3.0339999198914	-0.87321758270264	-0.056573413312435	50.288286666563	0
3.0360000133514	-0.87363308668137	-0.054912161082029	50.288286666563	0
3.0380001068115	-0.87403482198715	-0.053247198462486	50.288286666563	0
3.039999961853	-0.87442201375961	-0.051580224186182	50.288286666563	0
3.0420000553131	-0.87479388713837	-0.049911055713892	50.288286666563	0
3.0439999103546	-0.8751500248909	-0.048241000622511	50.288286666563	0
3.0460000038147	-0.87548989057541	-0.04657094553113	50.288286666563	0
3.0480000972748	-0.87581306695938	-0.044902000576258	50.288286666563	0
3.0499999523163	-0.87611925601959	-0.043234653770924	50.288286666563	0
3.0520000457764	-0.87640833854675	-0.041570458561182	50.288286666563	0
3.0539999008179	-0.87668019533157	-0.039910327643156	50.288286666563	0
3.055999994278	-0.8769348859787	-0.03825519233942	50.288286666563	0
3.058000087738	-0.87717264890671	-0.036606416106224	50.288286666563	0
3.0599999427795	-0.87739360332489	-0.034964501857758	50.288286666563	0
3.0620000362396	-0.87759834527969	-0.033331025391817	50.288286666563	0
3.0639998912811	-0.87778723239899	-0.031706709414721	50.288286666563	0
3.0659999847412	-0.87796086072922	-0.030092706903815	50.288286666563	0
3.0680000782013	-0.87811988592148	-0.028489740565419	50.288286666563	0
3.0699999332428	-0.87826526165009	-0.026898747310042	50.288286666563	0
3.0720000267029	-0.87839764356613	-0.025320237502456	50.288286666563	0
3.0739998817444	-0.87851816415787	-0.023755133152008	50.288286666563	0
3.0759999752045	-0.87862765789032	-0.022203730419278	50.288286666563	0
3.0780000686646	-0.87872737646103	-0.020666940137744	50.288286666563	0
3.0799999237061	-0.87881827354431	-0.019144617021084	50.288286666563	0
3.0820000171661	-0.87890166044235	-0.017637457698584	50.288286666563	0
3.0840001106262	-0.8789786696434	-0.01614530198276	50.288286666563	0
3.0859999656677	-0.87905043363571	-0.014668403193355	50.288286666563	0
3.0880000591278	-0.87911832332611	-0.013206381350756	50.288286666563	0
3.0899999141693	-0.87918329238892	-0.011759474873543	50.288286666563	0
3.0920000076294	-0.87924671173096	-0.01032707374543	50.288286666563	0
3.0940001010895	-0.87930953502655	-0.0089087737724185	50.288286666563	0
3.095999956131	-0.87937307357788	-0.0075041600503027	50.288286666563	0
3.0980000495911	-0.87943822145462	-0.0061121848411858	50.288286666563	0
3.0999999046326	-0.87950599193573	-0.0047328392975032	50.288286666563	0
3.1019999980927	-0.87957733869553	-0.0033646421507001	50.288286666563	0
3.1040000915527	-0.87965309619904	-0.0020069452002645	50.288286666563	0
3.1059999465942	-0.87973403930664	-0.00065909564727917	50.288286666563	0
3.1080000400543	-0.87982058525085	0.00068061251658946	50.288286666563	0
3.1099998950958	-0.87991350889206	0.0020130495540798	50.288286666563	0
3.1119999885559	-0.88001304864883	0.0033392983023077	50.288286666563	0
3.114000082016	-0.88011968135834	0.0046602338552475	50.288286666563	0
3.1159999370575	-0.88023346662521	0.0059775719419122	50.288286666563	0
3.1180000305176	-0.88035464286804	0.0072921882383525	50.288286666563	0
3.1199998855591	-0.88048285245895	0.0086055900901556	50.288286666563	0
3.1219999790192	-0.88061821460724	0.0099186515435576	50.288286666563	0
3.1240000724792	-0.88076043128967	0.011232879012823	50.288286666563	0
3.1259999275208	-0.88090896606445	0.012549139559269	50.288286666563	0
3.1280000209808	-0.88106346130371	0.013868934474885	50.288286666563	0
3.1300001144409	-0.88122314214706	0.015192916616797	50.288286666563	0
3.1319999694824	-0.88138735294342	0.016522156074643	50.288286666563	0
3.1340000629425	-0.88155537843704	0.017857298254967	50.288286666563	0
3.135999917984	-0.88172626495361	0.01919960975647	50.288286666563	0
3.1380000114441	-0.88189905881882	0.020549727603793	50.288286666563	0
3.1400001049042	-0.88207268714905	0.02190806530416	50.288286666563	0
3.1419999599457	-0.88224613666534	0.023275032639503	50.288286666563	0
3.1440000534058	-0.88241827487946	0.024651244282722	50.288286666563	0
3.1459999084473	-0.88258802890778	0.026036882773042	50.288286666563	0
3.1480000019073	-0.88275402784348	0.02743212133646	50.288286666563	0
3.1500000953674	-0.88291519880295	0.028836926445365	50.288286666563	0
3.1519999504089	-0.88307029008865	0.030251033604145	50.288286666563	0
3.154000043869	-0.88321834802628	0.031674865633249	50.288286666563	0
3.1559998989105	-0.88335806131363	0.033107195049524	50.288286666563	0
3.1579999923706	-0.88348835706711	0.034547373652458	50.288286666563	0
3.1600000858307	-0.8836082816124	0.035996180027723	50.288286666563	0
3.1619999408722	-0.88371682167053	0.037451837211847	50.288286666563	0
3.1640000343323	-0.88381314277649	0.038914270699024	50.288286666563	0
3.1659998893738	-0.88389623165131	0.040382549166679	50.288286666563	0
3.1679999828339	-0.88396555185318	0.04185489192605	50.288286666563	0
3.1700000762939	-0.88402044773102	0.043332055211067	50.288286666563	0
3.1719999313354	-0.88406044244766	0.044810581952333	50.288286666563	0
3.1740000247955	-0.88408499956131	0.046290379017591	50.288286666563	0
3.1760001182556	-0.88409399986267	0.047771364450455	50.288286666563	0
3.1779999732971	-0.88408732414246	0.049250081181526	50.288286666563	0
3.1800000667572	-0.88406479358673	0.050727289170027	50.288286666563	0
3.1819999217987	-0.88402652740479	0.052201244980097	50.288286666563	0
3.1840000152588	-0.88397288322449	0.053670197725296	50.288286666563	0
3.1860001087189	-0.88390409946442	0.055133245885372	50.288286666563	0
3.1879999637604	-0.88382059335709	0.056590348482132	50.288286666563	0
3.1900000572205	-0.88372325897217	0.058038104325533	50.288286666563	0
3.191999912262	-0.88361239433289	0.059477332979441	50.288286666563	0
3.194000005722	-0.88348889350891	0.060907177627087	50.288286666563	0
3.1960000991821	-0.88335400819778	0.062324274331331	50.288286666563	0
3.1979999542236	-0.88320833444595	0.063731178641319	50.288286666563	0
3.2000000476837	-0.88305312395096	0.06512538343668	50.288286666563	0
3.2019999027252	-0.88288944959641	0.066506929695606	50.288286666563	0
3.2039999961853	-0.88271862268448	0.067875027656555	50.288286666563	0
3.2060000896454	-0.88254183530807	0.069228909909725	50.288286666563	0
3.2079999446869	-0.88236033916473	0.070568650960922	50.288286666563	0
3.210000038147	-0.88217550516129	0.071895182132721	50.288286666563	0
3.2119998931885	-0.88198870420456	0.073206923902035	50.288286666563	0
3.2139999866486	-0.88180106878281	0.074505664408207	50.288286666563	0
3.2160000801086	-0.88161414861679	0.075789831578732	50.288286666563	0
3.2179999351501	-0.88142913579941	0.077061235904694	50.288286666563	0
3.2200000286102	-0.88124698400497	0.07832083106041	50.288286666563	0
3.2219998836517	-0.88106918334961	0.079567894339561	50.288286666563	0
3.2239999771118	-0.88089680671692	0.080804266035557	50.288286666563	0
3.2260000705719	-0.88073068857193	0.082030050456524	50.288286666563	0
3.2279999256134	-0.88057178258896	0.083247885107994	50.288286666563	0
3.2300000190735	-0.88042116165161	0.084456227719784	50.288286666563	0
3.2320001125336	-0.8802792429924	0.085658550262451	50.288286666563	0
3.2339999675751	-0.88014680147171	0.086854942142963	50.288286666563	0
3.2360000610352	-0.88002437353134	0.088047213852406	50.288286666563	0
3.2379999160767	-0.87991201877594	0.089237116277218	50.288286666563	0
3.2400000095367	-0.87981027364731	0.090424738824368	50.288286666563	0
3.2420001029968	-0.87971889972687	0.091613493859768	50.288286666563	0
3.2439999580383	-0.87963795661926	0.092802591621876	50.288286666563	0
3.2460000514984	-0.87956738471985	0.093994602560997	50.288286666563	0
3.2479999065399	-0.87950658798218	0.0951903834939	50.288286666563	0
3.25	-0.87945520877838	0.096392467617989	50.288286666563	0
3.2520000934601	-0.87941253185272	0.097600847482681	50.288286666563	0
3.2539999485016	-0.87937790155411	0.098818004131317	50.288286666563	0
3.2560000419617	-0.87935054302216	0.10004306584597	50.288286666563	0
3.2579998970032	-0.87932944297791	0.10127849876881	50.288286666563	0
3.2599999904633	-0.87931317090988	0.10252590477467	50.288286666563	0
3.2620000839233	-0.87930107116699	0.10378435254097	50.288286666563	0
3.2639999389648	-0.87929153442383	0.10505624860525	50.288286666563	0
3.2660000324249	-0.87928342819214	0.10634063929319	50.288286666563	0
3.2679998874664	-0.87927520275116	0.10763990879059	50.288286666563	0
3.2699999809265	-0.87926554679871	0.10895306617022	50.288286666563	0
3.2720000743866	-0.87925308942795	0.1102799475193	50.288286666563	0
3.2739999294281	-0.87923616170883	0.11162204295397	50.288286666563	0
3.2760000228882	-0.87921351194382	0.11297751218081	50.288286666563	0
3.2780001163483	-0.87918365001678	0.11434614658356	50.288286666563	0
3.2799999713898	-0.87914484739304	0.11573027074337	50.288286666563	0
3.2820000648499	-0.87909615039825	0.11712631583214	50.288286666563	0
3.2839999198914	-0.87903594970703	0.11853492259979	50.288286666563	0
3.2860000133514	-0.87896341085434	0.11995416879654	50.288286666563	0
3.2880001068115	-0.87887668609619	0.12138637900352	50.288286666563	0
3.289999961853	-0.87877541780472	0.12282631546259	50.288286666563	0
3.2920000553131	-0.87865847349167	0.12427376955748	50.288286666563	0
3.2939999103546	-0.87852472066879	0.12573021650314	50.288286666563	0
3.2960000038147	-0.87837386131287	0.12719126045704	50.288286666563	0
3.2980000972748	-0.87820512056351	0.12865674495697	50.288286666563	0
3.2999999523163	-0.87801820039749	0.13012482225895	50.288286666563	0
3.3020000457764	-0.87781268358231	0.1315953284502	50.288286666563	0
3.3039999008179	-0.87758868932724	0.13306480646133	50.288286666563	0
3.305999994278	-0.87734603881836	0.13453315198421	50.288286666563	0
3.308000087738	-0.87708514928818	0.13599774241447	50.288286666563	0
3.3099999427795	-0.87680619955063	0.13745854794979	50.288286666563	0
3.3120000362396	-0.87650990486145	0.13891297578812	50.288286666563	0
3.3139998912811	-0.87619692087173	0.14035938680172	50.288286666563	0
3.3159999847412	-0.87586796283722	0.14179693162441	50.288286666563	0
3.3180000782013	-0.87552392482758	0.14322483539581	50.288286666563	0
3.3199999332428	-0.87516611814499	0.14464066922665	50.288286666563	0
3.3220000267029	-0.87479561567307	0.1460445523262	50.288286666563	0
3.3239998817444	-0.87441366910934	0.14743575453758	50.288286666563	0
3.3259999752045	-0.87402176856995	0.14881193637848	50.288286666563	0
3.3280000686646	-0.87362134456635	0.15017412602901	50.288286666563	0
3.3299999237061	-0.87321388721466	0.15152169764042	50.288286666563	0
3.3320000171661	-0.87280118465424	0.15285237133503	50.288286666563	0
3.3340001106262	-0.87238466739655	0.15416891872883	50.288286666563	0
3.3359999656677	-0.87196618318558	0.15546913444996	50.288286666563	0
3.3380000591278	-0.87154722213745	0.15675407648087	50.288286666563	0
3.3399999141693	-0.87112951278687	0.15802410244942	50.288286666563	0
3.3420000076294	-0.87071460485458	0.15927951037884	50.288286666563	0
3.3440001010895	-0.87030434608459	0.16052053868771	50.288286666563	0
3.345999956131	-0.8698998093605	0.16174866259098	50.288286666563	0
3.3480000495911	-0.86950248479843	0.16296476125717	50.288286666563	0
3.3499999046326	-0.86911392211914	0.16417001187801	50.288286666563	0
3.3519999980927	-0.86873513460159	0.16536527872086	50.288286666563	0
3.3540000915527	-0.86836725473404	0.1665525585413	50.288286666563	0
3.3559999465942	-0.86801111698151	0.16773290932178	50.288286666563	0
3.3580000400543	-0.86766767501831	0.16890807449818	50.288286666563	0
3.3599998950958	-0.86733746528625	0.17007972300053	50.288286666563	0
3.3619999885559	-0.86702090501785	0.17124971747398	50.288286666563	0
3.364000082016	-0.86671835184097	0.17241968214512	50.288286666563	0
3.3659999370575	-0.86642980575562	0.17359162867069	50.288286666563	0
3.3680000305176	-0.86615538597107	0.17476712167263	50.288286666563	0
3.3699998855591	-0.86589461565018	0.17594806849957	50.288286666563	0
3.3719999790192	-0.86564719676971	0.17713622748852	50.288286666563	0
3.3740000724792	-0.86541241407394	0.17833386361599	50.288286666563	0
3.3759999275208	-0.86518949270248	0.17954216897488	50.288286666563	0
3.3780000209808	-0.86497747898102	0.18076294660568	50.288286666563	0
3.3800001144409	-0.86477541923523	0.18199732899666	50.288286666563	0
3.3819999694824	-0.86458164453506	0.18324744701385	50.288286666563	0
3.3840000629425	-0.86439490318298	0.18451415002346	50.288286666563	0
3.385999917984	-0.86421364545822	0.18579904735088	50.288286666563	0
3.3880000114441	-0.8640364408493	0.18710212409496	50.288286666563	0
3.3900001049042	-0.86386096477509	0.18842557072639	50.288286666563	0
3.3919999599457	-0.86368584632874	0.18976885080338	50.288286666563	0
3.3940000534058	-0.86350899934769	0.19113306701183	50.288286666563	0
3.3959999084473	-0.86332845687866	0.19251821935177	50.288286666563	0
3.3980000019073	-0.86314219236374	0.19392476975918	50.288286666563	0
3.4000000953674	-0.862948179245	0.19535225629807	50.288286666563	0
3.4019999504089	-0.8627445101738	0.19680069386959	50.288286666563	0
3.404000043869	-0.86252933740616	0.1982689499855	50.288286666563	0
3.4059998989105	-0.86230045557022	0.19975700974464	50.288286666563	0
3.4079999923706	-0.86205643415451	0.20126357674599	50.288286666563	0
3.4100000858307	-0.86179512739182	0.20278772711754	50.288286666563	0
3.4119999408722	-0.86151510477066	0.20432835817337	50.288286666563	0
3.4140000343323	-0.86121499538422	0.20588380098343	50.288286666563	0
3.4159998893738	-0.86089313030243	0.20745255053043	50.288286666563	0
3.4179999828339	-0.86054873466492	0.20903269946575	50.288286666563	0
3.4200000762939	-0.86018043756485	0.21062302589417	50.288286666563	0
3.4219999313354	-0.8597874045372	0.21222086250782	50.288286666563	0
3.4240000247955	-0.85936921834946	0.21382480859756	50.288286666563	0
3.4260001182556	-0.85892540216446	0.2154326736927	50.288286666563	0
3.4279999732971	-0.85845565795898	0.21704234182835	50.288286666563	0
3.4300000667572	-0.85795986652374	0.2186516970396	50.288286666563	0
3.4319999217987	-0.8574383854866	0.22025825083256	50.288286666563	0
3.4340000152588	-0.85689163208008	0.22186045348644	50.288286666563	0
3.4360001087189	-0.85632032155991	0.22345595061779	50.288286666563	0
3.4379999637604	-0.85572499036789	0.22504284977913	50.288286666563	0
3.4400000572205	-0.85510694980621	0.22661949694157	50.288286666563	0
3.441999912262	-0.85446739196777	0.22818356752396	50.288286666563	0
3.444000005722	-0.85380774736404	0.22973376512527	50.288286666563	0
3.4460000991821	-0.85312974452972	0.23126861453056	50.288286666563	0
3.4479999542236	-0.85243499279022	0.23278659582138	50.288286666563	0
3.4500000476837	-0.85172533988953	0.23428675532341	50.288286666563	0
3.4519999027252	-0.85100281238556	0.23576804995537	50.288286666563	0
3.4539999961853	-0.85026979446411	0.23722951114178	50.288286666563	0
3.4560000896454	-0.84952807426453	0.23867100477219	50.288286666563	0
3.4579999446869	-0.84878027439117	0.24009186029434	50.288286666563	0
3.460000038147	-0.84802860021591	0.2414922118187	50.288286666563	0
3.4619998931885	-0.84727519750595	0.24287222325802	50.288286666563	0
3.4639999866486	-0.84652268886566	0.24423204362392	50.288286666563	0
3.4660000801086	-0.84577292203903	0.24557262659073	50.288286666563	0
3.4679999351501	-0.84502828121185	0.24689508974552	50.288286666563	0
3.4700000286102	-0.84429109096527	0.24819971621037	50.288286666563	0
3.4719998836517	-0.84356307983398	0.24948865175247	50.288286666563	0
3.4739999771118	-0.84284609556198	0.25076329708099	50.288286666563	0
3.4760000705719	-0.84214222431183	0.25202479958534	50.288286666563	0
3.4779999256134	-0.84145259857178	0.25327599048615	50.288286666563	0
3.4800000190735	-0.84077888727188	0.25451830029488	50.288286666563	0
3.4820001125336	-0.8401221036911	0.25575411319733	50.288286666563	0
3.4839999675751	-0.8394832611084	0.25698575377464	50.288286666563	0
3.4860000610352	-0.83886283636093	0.25821593403816	50.288286666563	0
3.4879999160767	-0.83826148509979	0.25944730639458	50.288286666563	0
3.4900000095367	-0.83767938613892	0.2606820166111	50.288286666563	0
3.4920001029968	-0.83711642026901	0.26192277669907	50.288286666563	0
3.4939999580383	-0.83657217025757	0.26317262649536	50.288286666563	0
3.4960000514984	-0.83604615926743	0.26443412899971	50.288286666563	0
3.4979999065399	-0.83553749322891	0.26570969820023	50.288286666563	0
3.5	-0.83504492044449	0.26700136065483	50.288286666563	0
