CST XY Data Exchange Format V2

Title    = Z-Parameters
Xlabel   = Frequency / GHz
Ylabel   = Impedance / Ohm

Curvelabel          = Z1,1_(6)
Filename            = ^zcmplx1(1)1(1).sig
Npoints             = 1001
Type                = 8
Subtype             = 16
Logfactor           = 0
Result type         = complex:none
View type           = Cartesian
Plot type           = Complex
Data/Title          = Z-Parameters
X/Label             = Frequency
X/Unit              = GHz
Y/Label             = Impedance
Y/Unit              = Ohm
Y/Logfactor         = 0
Parameters          = {L_slot=7.6; W_slot=1; L_patch=28; L_ustrip=14.45; W_ground=56.9; W_patch=36.1; W_sub=56.9; h_sub=1.6; t_copper=0.035; w_ustrip=3.2; Deembeed=-22.05}
Plot/wrapHeuristics = 0

1.5	0.91597045510045	-1.2619943886718
1.5019999742508	0.92136818748076	-1.2406238886118
1.5039999485016	0.92747700315994	-1.2196850215986
1.5060000419617	0.93424461137246	-1.1992616738823
1.5080000162125	0.94161467611364	-1.1793959986586
1.5099999904633	0.94951977941158	-1.1601361815338
1.5119999647141	0.95789336637836	-1.1415478341475
1.5140000581741	0.96666171309732	-1.1236491499513
1.5160000324249	0.97574870003035	-1.1064761696168
1.5180000066757	0.98507556718143	-1.0900527579165
1.5199999809265	0.99456682621632	-1.0743969671031
1.5219999551773	1.0041413631348	-1.0595090169775
1.5240000486374	1.0137181557766	-1.0453825210354
1.5260000228882	1.0232235272289	-1.0320178254256
1.527999997139	1.0325763080107	-1.0194029270623
1.5299999713898	1.0417056823658	-1.0074958791578
1.5319999456406	1.0505399084886	-0.99627253886895
1.5340000391006	1.0590139889246	-0.98569119097903
1.5360000133514	1.0670654159623	-0.97572186331155
1.5379999876022	1.0746331173286	-0.96629238921958
1.539999961853	1.0816779410537	-0.95736728214814
1.5420000553131	1.0881400803487	-0.94887413815008
1.5440000295639	1.0939904353717	-0.94075337842395
1.5460000038147	1.0991935794784	-0.93294483180965
1.5479999780655	1.1037260440885	-0.92535884024929
1.5499999523163	1.1075704200968	-0.91795309584694
1.5520000457764	1.110717445167	-0.91063196754576
1.5540000200272	1.1131645841881	-0.90332959018946
1.555999994278	1.114915352602	-0.89598576710604
1.5579999685287	1.1159805478246	-0.88851065886313
1.5599999427795	1.1163818119875	-0.88086239767742
1.5620000362396	1.1161408577819	-0.87295091907262
1.5640000104904	1.1152873187429	-0.86472816842685
1.5659999847412	1.1138639271689	-0.85612832226577
1.567999958992	1.1119125552986	-0.8471094345376
1.5700000524521	1.1094756115017	-0.83761137021118
1.5720000267029	1.1066055892285	-0.82759822821967
1.5740000009537	1.1033631131125	-0.81702197286427
1.5759999752045	1.0998014750994	-0.80586451563114
1.5779999494553	1.0959822557512	-0.79409003208125
1.5800000429153	1.0919663577647	-0.78168039019197
1.5820000171661	1.0878204693787	-0.76862939868565
1.5839999914169	1.0836050773584	-0.75492524804313
1.5859999656677	1.0793863003295	-0.74057374140327
1.5880000591278	1.0752225100174	-0.72557493973145
1.5900000333786	1.0711824375505	-0.70994684275308
1.5920000076294	1.0673206874431	-0.69370736371917
1.5939999818802	1.0636933933364	-0.67687433220203
1.595999956131	1.0603544699639	-0.65948995462641
1.5980000495911	1.0573553676143	-0.64157193909762
1.6000000238419	1.0547403975979	-0.62317440270693
1.6019999980927	1.0525497296476	-0.60433324313968
1.6039999723434	1.050821915443	-0.58509039204435
1.6059999465942	1.049587410953	-0.56550583364064
1.6080000400543	1.048873989246	-0.54562752555041
1.6100000143051	1.0487016517445	-0.52550942885036
1.6119999885559	1.0490859066717	-0.50520550745761
1.6139999628067	1.0500330922378	-0.48476966801402
1.6160000562668	1.0515527705406	-0.46426189125371
1.6180000305176	1.0536374460234	-0.44374812671276
1.6200000047684	1.0562834929651	-0.42326434218625
1.6219999790192	1.0594761250183	-0.40287040865897
1.62399995327	1.0631976488406	-0.38262645524254
1.62600004673	1.0674245079826	-0.36258029697445
1.6280000209808	1.0721317456396	-0.3427799532485
1.6299999952316	1.0772868941673	-0.32326139153409
1.6319999694824	1.082852826725	-0.30406657104512
1.6339999437332	1.0887878307759	-0.28523743210277
1.6360000371933	1.0950519735422	-0.26680399990146
1.6380000114441	1.1015991674438	-0.2487901804463
1.6399999856949	1.1083802061593	-0.23121998751133
1.6419999599457	1.115352148559	-0.2141174302389
1.6440000534058	1.1224550068499	-0.19748243097153
1.6460000276566	1.1296427211971	-0.18132703446963
1.6480000019073	1.1368629558222	-0.16565719208155
1.6499999761581	1.1440649412019	-0.15046694246436
1.6519999504089	1.1511962416147	-0.13575025933021
1.654000043869	1.1582074880646	-0.12149514975351
1.6560000181198	1.1650524194019	-0.1076716528133
1.6579999923706	1.171689254065	-0.09427537373639
1.6599999666214	1.1780699898919	-0.081261142065829
1.6619999408722	1.184157386943	-0.068612581746404
1.6640000343323	1.1899188841323	-0.056293723678911
1.6660000085831	1.1953155564746	-0.04425660970433
1.6679999828339	1.2003256190715	-0.032471278206877
1.6699999570847	1.2049256612488	-0.020895771648679
1.6720000505447	1.2090890554575	-0.0094701528364361
1.6740000247955	1.2128079320605	0.0018355481962923
1.6759999990463	1.2160712308942	0.013069279096153
1.6779999732971	1.2188725356207	0.024284975337669
1.6799999475479	1.2212132187171	0.035536576695633
1.682000041008	1.2230961880489	0.046860050508037
1.6840000152588	1.2245353070151	0.058297349608487
1.6859999895096	1.2255364728297	0.06990998312203
1.6879999637604	1.2261260467947	0.081724752862982
1.6900000572205	1.2263192673999	0.093791186332503
1.6920000314713	1.2261486480166	0.10614524067696
1.694000005722	1.2256356303508	0.11882288490017
1.6959999799728	1.224817312249	0.13186006654298
1.6979999542236	1.2237324188108	0.14526881291947
1.7000000476837	1.2224115897244	0.15909101012682
1.7020000219345	1.2209028537705	0.17333872332913
1.7039999961853	1.219238420082	0.18802987110611
1.7059999704361	1.2174646261746	0.20317644490472
1.7079999446869	1.2156293694704	0.218784525711
1.710000038147	1.2137663496768	0.23485997665498
1.7120000123978	1.2119266235575	0.25139691252077
1.7139999866486	1.2101517955635	0.26838930084533
1.7159999608994	1.2084771646628	0.28583115811741
1.7180000543594	1.2069491595442	0.30370446199848
1.7200000286102	1.2056015068892	0.32200323660787
1.722000002861	1.204472959685	0.34069755039336
1.7239999771118	1.2035991979248	0.35975741943619
1.7259999513626	1.203003143599	0.3791707775389
1.7280000448227	1.2027192124914	0.39889575042253
1.7300000190735	1.2027692806273	0.41889640483987
1.7319999933243	1.2031752434333	0.43914261788686
1.7339999675751	1.2039527041639	0.45961055211952
1.7359999418259	1.2051147767209	0.48024618058004
1.7380000352859	1.2066759866816	0.50101357629065
1.7400000095367	1.208632012746	0.52188276653348
1.7419999837875	1.2109931801282	0.54280569536268
1.7439999580383	1.2137540021964	0.56374655729416
1.7460000514984	1.216906123921	0.58466325391339
1.7480000257492	1.220441055162	0.60552586889651
1.75	1.2243475601074	0.62629251768819
1.7519999742508	1.2286063814434	0.64693313581014
1.7539999485016	1.2331985099146	0.66741176500512
1.7560000419617	1.2380968557374	0.68770437701882
1.7580000162125	1.2432825833158	0.70777523974268
1.7599999904633	1.2487173922535	0.72761208075405
1.7619999647141	1.2543778425427	0.74717918458142
1.7640000581741	1.2602288414714	0.76646449652532
1.7660000324249	1.2662386226819	0.78545007071339
1.7680000066757	1.2723654155511	0.80413575478416
1.7699999809265	1.2785803819767	0.82250980174079
1.7719999551773	1.2848436386023	0.84056024908094
1.7740000486374	1.2911162653395	0.85829288862472
1.7760000228882	1.2973671451692	0.87571402141179
1.777999997139	1.303555642014	0.89282944501022
1.7799999713898	1.3096505123177	0.9096452906613
1.7819999456406	1.3156152900749	0.92617947947523
1.7840000391006	1.3214246813255	0.94244435051489
1.7860000133514	1.3270416223113	0.95846954555618
1.7879999876022	1.3324404351432	0.97427322977463
1.789999961853	1.3375983076915	0.98987947613306
1.7920000553131	1.3424923627254	1.0053120379884
1.7940000295639	1.347100266249	1.0206190894959
1.7960000038147	1.3514136671832	1.035812675642
1.7979999780655	1.3554118898553	1.050934801864
1.7999999523163	1.3590904837252	1.0660153722476
1.8020000457764	1.3624367743127	1.0810901945067
1.8040000200272	1.3654601434813	1.0961958106613
1.805999994278	1.3681475328592	1.1113734806708
1.8079999685287	1.3705152897626	1.1266417816623
1.8099999427795	1.3725644626557	1.1420423158231
1.8120000362396	1.3743073430442	1.1576112624766
1.8140000104904	1.3757596005858	1.1733785523088
1.8159999847412	1.3769339568869	1.1893679768122
1.817999958992	1.377857033614	1.2056099449173
1.8200000524521	1.3785474991535	1.2221340565023
1.8220000267029	1.379029263456	1.2389582204759
1.8240000009537	1.3793337998023	1.2561068094971
1.8259999752045	1.379482053461	1.2735913717893
1.8279999494553	1.3795072767941	1.2914301627989
1.8300000429153	1.379444568272	1.309635179224
1.8320000171661	1.3793179028286	1.3282181391757
1.8339999914169	1.3791635369276	1.3471671951678
1.8359999656677	1.3790158543647	1.3665063725725
1.8380000591278	1.3789035024731	1.3862173861399
1.8400000333786	1.3788604975305	1.4063006645249
1.8420000076294	1.3789161322029	1.4267558945752
1.8439999818802	1.3791010237968	1.4475590551996
1.845999956131	1.379441325292	1.4687101601999
1.8480000495911	1.3799677364157	1.4901853988038
1.8500000238419	1.380699974053	1.5119603267897
1.8519999980927	1.3816681744421	1.534023486215
1.8539999723434	1.3828842693575	1.5563504372843
1.8559999465942	1.3843717319226	1.578911144674
1.8580000400543	1.3861438563526	1.6016881152327
1.8600000143051	1.3882124146722	1.6246388111355
1.8619999885559	1.3905889687014	1.6477514668093
1.8639999628067	1.3932787543935	1.6709903314673
1.8660000562668	1.3962820493811	1.6943247889038
1.8680000305176	1.3996027659826	1.7177191852525
1.8700000047684	1.403240577424	1.7411557405137
1.8719999790192	1.4071873921344	1.7645918912075
1.87399995327	1.4114326910935	1.7880223911461
1.87600004673	1.4159710162173	1.8113928109655
1.8780000209808	1.4207813870864	1.8346908786355
1.8799999952316	1.4258511719077	1.8578992597324
1.8819999694824	1.4311644175959	1.8809814066538
1.8839999437332	1.4366954927195	1.903925621308
1.8860000371933	1.4424260516442	1.9267080958835
1.8880000114441	1.4483289693359	1.9493166038192
1.8899999856949	1.4543798357059	1.9717451842293
1.8919999599457	1.4605492410202	1.9939698574158
1.8940000534058	1.4668150292006	2.015996773126
1.8960000276566	1.4731441255563	2.0378080193753
1.8980000019073	1.4795090642115	2.0594155161147
1.8999999761581	1.4858810314265	2.0808072552136
1.9019999504089	1.4922329038298	2.1019896203775
1.904000043869	1.4985365565884	2.1229804178732
1.9060000181198	1.5047663292737	2.1437858119344
1.9079999923706	1.5108922291365	2.1644057416096
1.9099999666214	1.5168917746233	2.1848642780397
1.9119999408722	1.5227444615914	2.2051798309902
1.9140000343323	1.5284233875768	2.2253698265679
1.9160000085831	1.5339158664636	2.2454528717844
1.9179999828339	1.5392006781747	2.2654528199462
1.9199999570847	1.5442644929497	2.2853937912165
1.9220000505447	1.5490965645459	2.3053059352494
1.9240000247955	1.5536876757384	2.3252191432743
1.9259999990463	1.5580279712144	2.3451516346655
1.9279999732971	1.5621155517086	2.365139179691
1.9299999475479	1.5659484173721	2.3852001290305
1.932000041008	1.5695319328321	2.4053765848002
1.9340000152588	1.5728656258462	2.4256860876545
1.9359999895096	1.5759599875186	2.4461654775972
1.9379999637604	1.5788224694513	2.4668319007075
1.9400000572205	1.5814661878097	2.4877099008282
1.9420000314713	1.5839062893553	2.508835513015
1.944000005722	1.5861585717545	2.5302206121591
1.9459999799728	1.5882440041975	2.5518894827798
1.9479999542236	1.5901787651892	2.573865410369
1.9500000476837	1.591991867592	2.596155153765
1.9520000219345	1.5936989913156	2.6187700467026
1.9539999961853	1.5953346709421	2.6417410914879
1.9559999704361	1.596917967646	2.6650612553614
1.9579999446869	1.5984771988594	2.6887430256271
1.960000038147	1.6000403569738	2.7127863004574
1.9620000123978	1.6016315974555	2.737196913536
1.9639999866486	1.6032778942074	2.7619692309134
1.9659999608994	1.6050066965637	2.7871084396444
1.9680000543594	1.6068478772954	2.812597367192
1.9700000286102	1.6088189524009	2.8384294751408
1.972000002861	1.610949329865	2.8645929730978
1.9739999771118	1.6132550524479	2.89108094076
1.9759999513626	1.6157629550632	2.9178768689107
1.9780000448227	1.6184880583112	2.9449555542755
1.9800000190735	1.621451062532	2.9722995510272
1.9819999933243	1.6246625369876	2.9998961668122
1.9839999675751	1.6281374089112	3.0277098645486
1.9859999418259	1.6318863845067	3.0557286509594
1.9880000352859	1.635916884647	3.083928071807
1.9900000095367	1.6402299378831	3.1122841240336
1.9919999837875	1.6448329875474	3.1407608367628
1.9939999580383	1.6497266859421	3.1693527133316
1.9960000514984	1.6549050509625	3.1980166444554
1.9980000257492	1.6603664104184	3.2267413141678
2	1.6661018218533	3.2554964602794
2.0020000934601	1.6721025276726	3.2842641014702
2.0039999485016	1.6783533461676	3.3130263759663
2.0060000419617	1.6848432035165	3.3417466066444
2.0079998970032	1.6915578167918	3.370426293992
2.0099999904633	1.6984751254333	3.3990394923523
2.0120000839233	1.7055776106867	3.4275755214048
2.0139999389648	1.712843899448	3.4560161855258
2.0160000324249	1.7202542507623	3.4843555644199
2.0179998874664	1.7277800218392	3.5125933403739
2.0199999809265	1.735400595389	3.5407057760862
2.0220000743866	1.743092069105	3.5687051574024
2.0239999294281	1.7508281569168	3.5965850495711
2.0260000228882	1.7585872169153	3.6243521709399
2.0280001163483	1.7663403442225	3.6520064381154
2.0299999713898	1.7740674413049	3.6795542032699
2.0320000648499	1.7817426987513	3.7070070530937
2.0339999198914	1.7893473503466	3.7343836341129
2.0360000133514	1.7968562116665	3.7616897874934
2.0380001068115	1.8042487398726	3.7889437943841
2.039999961853	1.8115108057778	3.816164022186
2.0420000553131	1.8186240950413	3.8433743343312
2.0439999103546	1.8255768263696	3.8705868661385
2.0460000038147	1.8323517610118	3.8978386956781
2.0480000972748	1.8389468186198	3.9251413574125
2.0499999523163	1.8453472093023	3.9525249444907
2.0520000457764	1.8515511238045	3.980019491854
2.0539999008179	1.8575589735251	4.0076505038182
2.055999994278	1.8633593707945	4.0354343087329
2.058000087738	1.8689687175584	4.0634083997259
2.0599999427795	1.8743825482692	4.0915960186586
2.0620000362396	1.8796117359088	4.1200162907609
2.0639998912811	1.8846667593683	4.1487109564603
2.0659999847412	1.8895610359116	4.1776923258235
2.0680000782013	1.8943005481305	4.2069777456303
2.0699999332428	1.8989103412029	4.2365984300644
2.0720000267029	1.9034044887372	4.26657159477
2.0739998817444	1.9078059378369	4.2969102490549
2.0759999752045	1.9121347751842	4.3276443571608
2.0780000686646	1.9164095282382	4.3587732563156
2.0799999237061	1.9206565203901	4.3903088273849
2.0820000171661	1.9249034964924	4.4222641673068
2.0840001106262	1.9291735444257	4.4546504957651
2.0859999656677	1.9334915093771	4.4874687377382
2.0880000591278	1.937884265225	4.520717826099
2.0899999141693	1.9423756899183	4.5544045805225
2.0920000076294	1.9469936570264	4.5885226108329
2.0940001010895	1.9517589977432	4.6230590345301
2.095999956131	1.9566989340799	4.658021267229
2.0980000495911	1.9618349602502	4.6933843715841
2.0999999046326	1.9671886250222	4.7291603993846
2.1019999980927	1.9727825039171	4.7653016012968
2.1040000915527	1.9786318867014	4.8018190982679
2.1059999465942	1.9847546273777	4.8386835010731
2.1080000400543	1.9911645408925	4.8758879812357
2.1099998950958	1.9978731174606	4.9134033065257
2.1119999885559	2.0048950905079	4.9512104433631
2.114000082016	2.0122350014616	4.9892921917427
2.1159999370575	2.0198986303455	5.0276170011065
2.1180000305176	2.0278891341562	5.0661677798465
2.1199998855591	2.0362104464889	5.1049325786708
2.1219999790192	2.0448585325363	5.143881156985
2.1240000724792	2.0538295419576	5.182983206807
2.1259999275208	2.0631179348596	5.2222259593391
2.1280000209808	2.0727128554446	5.2615984309043
2.1300001144409	2.0826043200302	5.3010691931634
2.1319999694824	2.0927859758246	5.3406225064519
2.1340000629425	2.1032295540465	5.3802434500675
2.135999917984	2.1139313219746	5.4199283298532
2.1380000114441	2.1248651987795	5.4596518911721
2.1400001049042	2.1360189193998	5.4994033614676
2.1419999599457	2.1473646192668	5.5391820054923
2.1440000534058	2.1588836027508	5.5789754150529
2.1459999084473	2.1705547164683	5.6187903334197
2.1480000019073	2.1823540845679	5.6586222597592
2.1500000953674	2.19425528716	5.6984626061929
2.1519999504089	2.2062368442105	5.7383261304228
2.154000043869	2.2182827910734	5.7782249471347
2.1559998989105	2.2303596729349	5.8181578812681
2.1579999923706	2.2424519728741	5.8581339930168
2.1600000858307	2.2545369583839	5.898186139605
2.1619999408722	2.2665984003419	5.9383176366062
2.1640000343323	2.278610504874	5.9785508015649
2.1659998893738	2.2905624236838	6.0188866631356
2.1679999828339	2.3024404087289	6.0593749807003
2.1700000762939	2.3142299943585	6.1000163833916
2.1719999313354	2.3259154416385	6.1408816144574
2.1740000247955	2.337500175982	6.1819734774052
2.1760001182556	2.3489696078567	6.2232913418886
2.1779999732971	2.3603206146355	6.2649075312519
2.1800000667572	2.3715557647095	6.3067986638296
2.1819999217987	2.3826762395246	6.3490388208976
2.1840000152588	2.3936867309802	6.3916512519841
2.1860001087189	2.404593864393	6.4346856151484
2.1879999637604	2.4154062686557	6.4781410696678
2.1900000572205	2.4261382303645	6.5220423841186
2.191999912262	2.4368060562221	6.5664400506626
2.194000005722	2.4474234414087	6.6113328130918
2.1960000991821	2.4580102973669	6.6567695178494
2.1979999542236	2.4685914214792	6.7027993116517
2.2000000476837	2.4791906083498	6.7493744143887
2.2019999027252	2.4898246473299	6.7965414575473
2.2039999961853	2.5005298307751	6.8443512440586
2.2060000896454	2.5113280396434	6.8928034207719
2.2079999446869	2.5222522122815	6.9419216543844
2.210000038147	2.5333332990869	6.9916593020328
2.2119998931885	2.5445921506365	7.0421113700371
2.2139999866486	2.5560734356551	7.0932070967278
2.2160000801086	2.5677969430514	7.1449939148979
2.2179999351501	2.5797966599123	7.1974483304189
2.2200000286102	2.5921029202339	7.2505924588493
2.2219998836517	2.6047427526963	7.3043978425959
2.2239999771118	2.6177489038518	7.3588790546109
2.2260000705719	2.631148528674	7.4140212820055
2.2279999256134	2.6449599267907	7.4698046969361
2.2300000190735	2.6592159888763	7.5262270276774
2.2320001125336	2.6739375116018	7.5832677305648
2.2339999675751	2.6891410437816	7.6409157247845
2.2360000610352	2.704847356684	7.6991524344589
2.2379999160767	2.7210705522679	7.7579529467461
2.2400000095367	2.7378247614326	7.8173110310475
2.2420001029968	2.7551210190801	7.877190243367
2.2439999580383	2.7729681811123	7.9375917193955
2.2460000514984	2.7913711886867	7.9984717209534
2.2479999065399	2.8103341769558	8.0598307880434
2.25	2.8298602426109	8.1216387177094
2.2520000934601	2.849945253324	8.1838835225309
2.2539999485016	2.870583955092	8.2465401680908
2.2560000419617	2.8917738964233	8.3095924282124
2.2579998970032	2.9134978811186	8.3730255151115
2.2599999904633	2.9357554932245	8.4368343949565
2.2620000839233	2.9585215585518	8.501001354868
2.2639999389648	2.9817972210038	8.5655225040071
2.2660000324249	3.005552579437	8.6303890678007
2.2679998874664	3.0297779500484	8.6955914636583
2.2699999809265	3.054449437237	8.7611352691366
2.2720000743866	3.0795520971423	8.8270207365383
2.2739999294281	3.105064849548	8.8932550872015
2.2760000228882	3.130966477794	8.9598454047824
2.2780001163483	3.1572371984687	9.0268047105627
2.2799999713898	3.1838609044986	9.0941454394965
2.2820000648499	3.2108167683899	9.1618876158419
2.2839999198914	3.2380846810389	9.2300432032208
2.2860000133514	3.2656463830187	9.2986443259475
2.2880001068115	3.2934911617283	9.3677166809397
2.289999961853	3.3216026278159	9.4372906143301
2.2920000553131	3.3499724532365	9.5073939845121
2.2939999103546	3.3785932745416	9.5780768134717
2.2960000038147	3.4074544389704	9.6493563600853
2.2980000972748	3.4365580309388	9.7212858858257
2.2999999523163	3.4658988343684	9.793907011919
2.3020000457764	3.4954822377746	9.8672525267307
2.3039999008179	3.5253156883501	9.9413792177659
2.305999994278	3.5554075415328	10.016325849887
2.308000087738	3.5857785058155	10.09214318442
2.3099999427795	3.6164342554706	10.168871103463
2.3120000362396	3.6474100336201	10.246566478045
2.3139998912811	3.6787210816512	10.325268606203
2.3159999847412	3.710396641465	10.405029780492
2.3180000782013	3.7424726093568	10.48590007565
2.3199999332428	3.7749880325022	10.567912392247
2.3220000267029	3.8079827009388	10.65112216031
2.3239998817444	3.8414926735416	10.735560937351
2.3259999752045	3.8755734782877	10.821279967104
2.3280000686646	3.9102643000748	10.908314064731
2.3299999237061	3.9456286391791	10.996692502885
2.3320000171661	3.981712516906	11.086450039492
2.3340001106262	4.0185806150165	11.177620559558
2.3359999656677	4.0562916738444	11.270239547424
2.3380000591278	4.0949046044043	11.364320787551
2.3399999141693	4.1344774564892	11.459886604926
2.3420000076294	4.1750844694504	11.556965535915
2.3440001010895	4.2167839427946	11.655561074782
2.345999956131	4.2596437671736	11.75568486269
2.3480000495911	4.3037327942306	11.857358084215
2.3499999046326	4.3491098202607	11.960582103989
2.3519999980927	4.3958462422552	12.065364860878
2.3540000915527	4.4440079446746	12.171694132379
2.3559999465942	4.4936580685848	12.279571393944
2.3580000400543	4.5448583268301	12.389004374431
2.3599998950958	4.5976757080139	12.499984329113
2.3619999885559	4.6521703070162	12.612490269477
2.364000082016	4.7083962494523	12.726525809346
2.3659999370575	4.7664196142507	12.842073554457
2.3680000305176	4.8262914673248	12.959120525976
2.3699998855591	4.8880718916584	13.077660531055
2.3719999790192	4.9518024062986	13.197668608177
2.3740000724792	5.0175425958745	13.319138429736
2.3759999275208	5.0853414758408	13.442067046224
2.3780000209808	5.1552381676672	13.566427963468
2.3800001144409	5.2272886759621	13.692211783506
2.3819999694824	5.3015248131312	13.81941710314
2.3840000629425	5.3780015351264	13.948039260067
2.385999917984	5.4567518942157	14.078056108921
2.3880000114441	5.5378094726667	14.209476422319
2.3900001049042	5.6212331497732	14.342302557343
2.3919999599457	5.7070500986714	14.476540759775
2.3940000534058	5.7953053161482	14.61218421107
2.3959999084473	5.8860339591264	14.749251034468
2.3980000019073	5.9792860606518	14.887772478645
2.4000000953674	6.0751039739018	15.027739775812
2.4019999504089	6.1735315236012	15.169193454085
2.404000043869	6.2746196668817	15.31217289587
2.4059998989105	6.378422392716	15.456679482846
2.4079999923706	6.4849905516448	15.602771946857
2.4100000858307	6.5944037951316	15.750504464829
2.4119999408722	6.7067101583768	15.899896101568
2.4140000343323	6.822002423668	16.051016246265
2.4159998893738	6.9403469315644	16.20391080012
2.4179999828339	7.0618482451041	16.358652456268
2.4200000762939	7.1865966392288	16.515295157415
2.4219999313354	7.3147038183578	16.673904637772
2.4240000247955	7.4462824171136	16.834552158359
2.4260001182556	7.5814673934121	16.997305341515
2.4279999732971	7.7204057103624	17.162249684056
2.4300000667572	7.8632441176933	17.329460367573
2.4319999217987	8.0101526054207	17.498994798814
2.4340000152588	8.1613091314998	17.670933239091
2.4360001087189	8.3169175378465	17.845360880886
2.4379999637604	8.4771900184475	18.022347853616
2.4400000572205	8.6423429791525	18.201944065454
2.441999912262	8.8126403867896	18.384236747129
2.444000005722	8.988330423159	18.569277166979
2.4460000991821	9.1697009326656	18.757104742663
2.4479999542236	9.357042477603	18.947782221426
2.4500000476837	9.5506903662874	19.141337357173
2.4519999027252	9.7509680251842	19.337796423838
2.4539999961853	9.9582328542044	19.537172857367
2.4560000896454	10.172881225278	19.739475171889
2.4579999446869	10.395288189029	19.944671606986
2.460000038147	10.625896306923	20.152744123637
2.4619998931885	10.865130117915	20.363629531484
2.4639999866486	11.113468476989	20.577273773128
2.4660000801086	11.37139006145	20.793567032048
2.4679999351501	11.639404784125	21.012403068835
2.4700000286102	11.918033620906	21.233621617265
2.4719998836517	12.207844337	21.457062265633
2.4739999771118	12.509398421941	21.682503791587
2.4760000705719	12.823289562176	21.909699224327
2.4779999256134	13.150149019273	22.1383845733
2.4800000190735	13.490601667432	22.368224283782
2.4820001125336	13.84531339093	22.598851744637
2.4839999675751	14.214949666147	22.829852099086
2.4860000610352	14.600216828295	23.060751059317
2.4879999160767	15.001818305867	23.291032466756
2.4900000095367	15.420493194252	23.52009672392
2.4920001029968	15.856963816954	23.747293931475
2.4939999580383	16.311986711912	23.97190456952
2.4960000514984	16.786319144717	24.193119846752
2.4979999065399	17.280716043033	24.410055944563
2.5	17.795939518675	24.621748575174
2.5020000934601	18.332733253448	24.827125832899
2.5039999485016	18.891844423441	25.025033177674
2.5060000419617	19.473989754056	25.21419007791
2.5079998970032	20.079858548667	25.393217809956
2.5099999904633	20.7101084494	25.56060783914
2.5120000839233	21.36533173222	25.714717658091
2.5139999389648	22.046091566022	25.853814665813
2.5160000324249	22.752838237546	25.975973350545
2.5179998874664	23.485968063628	26.079167710227
2.5199999809265	24.245747593004	26.161214302179
2.5220000743866	25.032324205451	26.219771797218
2.5239999294281	25.845678349692	26.25235839565
2.5260000228882	26.685640700123	26.256346718332
2.5280001163483	27.551845963868	26.228979198808
2.5299999713898	28.443668926158	26.167330402937
2.5320000648499	29.36025981747	26.068382566476
2.5339999198914	30.300472590847	25.928994483567
2.5360000133514	31.262852150573	25.745943915956
2.5380001068115	32.245561252715	25.51593117671
2.539999961853	33.246427794129	25.235652368861
2.5420000553131	34.262835623096	24.901787293365
2.5439999103546	35.291748713918	24.511083368648
2.5460000038147	36.329658289454	24.060398147435
2.5480000972748	37.372586322072	23.546755243864
2.5499999523163	38.416060443768	22.967415342387
2.5520000457764	39.455133676664	22.319958636909
2.5539999008179	40.484370987756	21.60234460698
2.555999994278	41.49788051834	20.813017838261
2.558000087738	42.48939554382	19.950993731745
2.5599999427795	43.452215694361	19.015897255271
2.5620000362396	44.379449326957	18.008124959575
2.5639998912811	45.263947471969	16.928833798355
2.5659999847412	46.098459815632	15.780039405556
2.5680000782013	46.875808897985	14.564670852977
2.5699999332428	47.588958298308	13.286568219903
2.5720000267029	48.231186917346	11.95050521993
2.5739998817444	48.796189877706	10.562139347856
2.5759999752045	49.278301215932	9.1280000171955
2.5780000686646	49.672553851727	7.6553683788253
2.5799999237061	49.974873568949	6.1522056597115
2.5820000171661	50.182115593233	4.6270004093908
2.5840001106262	50.292205151779	3.088636879241
2.5859999656677	50.304169203965	1.5462227907064
2.5880000591278	50.21815735479	0.0089221070003325
2.5899999141693	50.035448097746	-1.5142198948687
2.5920000076294	49.758398691296	-3.0144442364293
2.5940001010895	49.390387386905	-4.4834353746996
2.595999956131	48.935711106377	-5.9134595189565
2.5980000495911	48.399476067068	-7.2974849998934
2.5999999046326	47.787472290374	-8.6292728509658
2.6019999980927	47.106024001796	-9.9034459854705
2.6040000915527	46.36184456519	-11.115522839247
2.6059999465942	45.561906932847	-12.261937192724
2.6080000400543	44.713291768371	-13.340020656827
2.6099998950958	43.823073114384	-14.347976994276
2.6119999885559	42.898208556946	-15.284835192076
2.614000082016	41.945418740588	-16.150368374392
2.6159999370575	40.971123917639	-16.945036635304
2.6180000305176	39.981404451283	-17.669919501148
2.6199998855591	38.981897359562	-18.326598574474
2.6219999790192	37.977815070566	-18.917110209205
2.6240000724792	36.973878872175	-19.443831329251
2.6259999275208	35.974365517996	-19.909443041928
2.6280000209808	34.983079170705	-20.316843251521
2.6300001144409	34.003345212803	-20.669056154223
2.6319999694824	33.038072769951	-20.969217095813
2.6340000629425	32.089758288979	-21.220525121564
2.635999917984	31.160479343779	-21.426131036077
2.6380000114441	30.251981934385	-21.589189499291
2.6400001049042	29.36567832374	-21.712798568994
2.6419999599457	28.502669222538	-21.799942334589
2.6440000534058	27.663786490879	-21.853508585426
2.6459999084473	26.849640042649	-21.876299427503
2.6480000019073	26.060600020235	-21.870926805407
2.6500000953674	25.296867488042	-21.839918058935
2.6519999504089	24.558472230851	-21.785645371494
2.654000043869	23.845301843189	-21.710335276128
2.6559998989105	23.157128889326	-21.616102715704
2.6579999923706	22.49361208234	-21.504868983932
2.6600000858307	21.854333556371	-21.378476363751
2.6619999408722	21.238798437084	-21.238621872268
2.6640000343323	20.646459884937	-21.08687110185
2.6659998893738	20.076714322797	-20.924673201556
2.6679999828339	19.528928825689	-20.753377402735
2.6700000762939	19.002433655591	-20.574203838911
2.6719999313354	18.496549894104	-20.388289389086
2.6740000247955	18.010579369975	-20.196673039839
2.6760001182556	17.543811309098	-20.000284659487
2.6779999732971	17.095538246762	-19.80000765035
2.6800000667572	16.66506237876	-19.596626626148
2.6819999217987	16.251666944649	-19.390842307923
2.6840000152588	15.854667248842	-19.183309948988
2.6860001087189	15.473375689729	-18.974604265089
2.6879999637604	15.107118597755	-18.765249490087
2.6900000572205	14.755243276587	-18.555709595725
2.691999912262	14.41711144081	-18.346399478441
2.694000005722	14.092090524586	-18.137696939754
2.6960000991821	13.779585518279	-17.929926041124
2.6979999542236	13.479003228333	-17.723360644962
2.7000000476837	13.189783051441	-17.518268265377
2.7019999027252	12.911378114517	-17.314847793777
2.7039999961853	12.643257238248	-17.113284384197
2.7060000896454	12.384908059907	-16.913718772862
2.7079999446869	12.135866020094	-16.716307840105
2.710000038147	11.895649318087	-16.521121515988
2.7119998931885	11.66382291988	-16.328244769252
2.7139999866486	11.439963166669	-16.13774008967
2.7160000801086	11.223656298346	-15.949641869014
2.7179999351501	11.014540602711	-15.763987259178
2.7200000286102	10.8122394029	-15.580766831833
2.7219998836517	10.616417533573	-15.399988520973
2.7239999771118	10.426749308548	-15.221595697019
2.7260000705719	10.242934612322	-15.045622664665
2.7279999256134	10.064680660511	-14.871975796496
2.7300000190735	9.891728339618	-14.70067242382
2.7320001125336	9.7238190424764	-14.531581606378
2.7339999675751	9.5607278372597	-14.364733602755
2.7360000610352	9.4022355512969	-14.199981848234
2.7379999160767	9.2481439054182	-14.037327757845
2.7400000095367	9.0982560981311	-13.876636030507
2.7420001029968	8.9524145463913	-13.717924581534
2.7439999580383	8.8104566844673	-13.561079305163
2.7460000514984	8.672240426087	-13.406060077279
2.7479999065399	8.5376292648096	-13.252770445624
2.75	8.4065069337105	-13.101166082573
2.7520000934601	8.2787573025533	-12.951170610423
2.7539999485016	8.1542862601471	-12.802759254311
2.7560000419617	8.0330018143003	-12.655828456314
2.7579998970032	7.9148200350727	-12.510375177779
2.7599999904633	7.7996644191933	-12.366314743245
2.7620000839233	7.6874708281913	-12.223642564404
2.7639999389648	7.5781697825446	-12.082273507369
2.7660000324249	7.4717107208465	-11.942223409622
2.7679998874664	7.3680401220919	-11.803431301432
2.7699999809265	7.2671071164825	-11.665886199162
2.7720000743866	7.1688670509089	-11.529598441836
2.7739999294281	7.0732737180413	-11.394480690957
2.7760000228882	6.9802909470196	-11.260594315755
2.7780001163483	6.8898789250681	-11.127923812322
2.7799999713898	6.8019942709629	-10.99642865528
2.7820000648499	6.7166029138789	-10.866134973647
2.7839999198914	6.6336646525611	-10.737050829382
2.7860000133514	6.5531323140192	-10.609179230146
2.7880001068115	6.4749727481362	-10.482524303404
2.789999961853	6.3991480832304	-10.3571177171
2.7920000553131	6.3256032639716	-10.232957985835
2.7939999103546	6.2543036243369	-10.110072298431
2.7960000038147	6.1851971541126	-9.9884717866065
2.7980000972748	6.1182386123787	-9.8681939225357
2.7999999523163	6.0533719300094	-9.7492370101158
2.8020000457764	5.9905512780801	-9.6316331737911
2.8039999008179	5.9297108294264	-9.5153952075031
2.805999994278	5.870801609357	-9.4005574148108
2.808000087738	5.8137598744051	-9.2871136400223
2.8099999427795	5.7585208268068	-9.1750955048487
2.8120000362396	5.7050327727419	-9.0645252243725
2.8139998912811	5.6532106210961	-8.9553913615037
2.8159999847412	5.6030033834095	-8.8477177160495
2.8180000782013	5.5543396819304	-8.7415219255798
2.8199999332428	5.507142079278	-8.6367897049244
2.8220000267029	5.4613477538985	-8.533527389396
2.8239998817444	5.4168852989162	-8.4317414304836
2.8259999752045	5.3736849481127	-8.3314180959859
2.8280000686646	5.3316660727177	-8.2325571691091
2.8299999237061	5.290772804619	-8.1351386338754
2.8320000171661	5.250928252803	-8.0391567793429
2.8340001106262	5.2120653128707	-7.9445826897531
2.8359999656677	5.17411739919	-7.8513946544549
2.8380000591278	5.1370157122789	-7.7595676147452
2.8399999141693	5.1007044699592	-7.669080408051
2.8420000076294	5.0651172897447	-7.5798897394108
2.8440001010895	5.0302006833336	-7.4919624396278
2.845999956131	4.9958971807283	-7.4052600411737
2.8480000495911	4.9621544755217	-7.319754205457
2.8499999046326	4.9289272884632	-7.2353842177415
2.8519999980927	4.8961688347439	-7.1521090934555
2.8540000915527	4.8638367678482	-7.069885699714
2.8559999465942	4.8318980814863	-6.9886713869283
2.8580000400543	4.8003221417823	-6.908406526861
2.8599998950958	4.7690754116685	-6.829042008122
2.8619999885559	4.7381372944554	-6.7505365144807
2.864000082016	4.7074810729659	-6.6728272325574
2.8659999370575	4.677097102391	-6.5958797070362
2.8680000305176	4.6469762452165	-6.5196255229891
2.8699998855591	4.6171028287517	-6.4440293759864
2.8719999790192	4.5874796650872	-6.3690477727183
2.8740000724792	4.5581022502592	-6.2946191868133
2.8759999275208	4.5289784693841	-6.2207146447595
2.8780000209808	4.5001065912283	-6.1472893149118
2.8800001144409	4.4715109905317	-6.0743036891565
2.8819999694824	4.4431922561721	-6.0017236631043
2.8840000629425	4.4151657383948	-5.9295135837411
2.885999917984	4.3874531447936	-5.85764894151
2.8880000114441	4.3600751395993	-5.7860999659174
2.8900001049042	4.3330498009094	-5.7148473387792
2.8919999599457	4.30639982554	-5.6438658482824
2.8940000534058	4.2801482866383	-5.5731444465494
2.8959999084473	4.2543186105671	-5.5026693015314
2.8980000019073	4.2289335803611	-5.4324286025719
2.9000000953674	4.2040194830242	-5.3624283163729
2.9019999504089	4.1795972156949	-5.2926554396133
2.904000043869	4.155687364588	-5.22311621164
2.9059998989105	4.1323141866022	-5.1538164418081
2.9079999923706	4.109498899811	-5.0847683083363
2.9100000858307	4.087256996242	-5.0159763645089
2.9119999408722	4.0656058935601	-4.9474543226175
2.9140000343323	4.0445583278113	-4.8792125702805
2.9159998893738	4.0241276373456	-4.8112887250189
2.9179999828339	4.0043200877041	-4.7436813039192
2.9200000762939	3.9851471142935	-4.6764209211693
2.9219999313354	3.9666079128837	-4.6095385210101
2.9240000247955	3.9487072165046	-4.543044932893
2.9260001182556	3.9314394751848	-4.4769709902669
2.9279999732971	3.9147998484959	-4.4113346987428
2.9300000667572	3.8987833029022	-4.3461788652279
2.9319999217987	3.8833762639826	-4.281502747481
2.9340000152588	3.8685620795839	-4.2173486613377
2.9360001087189	3.8543291278345	-4.1537296589549
2.9379999637604	3.8406556106938	-4.090680758179
2.9400000572205	3.8275155960745	-4.0282086787098
2.941999912262	3.8148922209195	-3.966343780192
2.944000005722	3.8027540384199	-3.9050981149091
2.9460000991821	3.7910680894363	-3.8444838168452
2.9479999542236	3.7798086981027	-3.7845130355427
2.9500000476837	3.7689460846859	-3.7252037477859
2.9519999027252	3.7584373032383	-3.6665566005685
2.9539999961853	3.7482606412336	-3.6085720057807
2.9560000896454	3.7383694533281	-3.5512672617995
2.9579999446869	3.7287307424171	-3.4946241826284
2.960000038147	3.71931420994	-3.4386441179168
2.9619998931885	3.7100731811099	-3.3833203121674
2.9639999866486	3.7009843755658	-3.3286410435077
2.9660000801086	3.6920097314666	-3.2746009079966
2.9679999351501	3.6831124809826	-3.22116948804
2.9700000286102	3.6742643786638	-3.168346320431
2.9719998836517	3.665431465166	-3.1160904471648
2.9739999771118	3.65658847388	-3.0643894961281
2.9760000705719	3.6477068824119	-3.0132131323685
2.9779999256134	3.6387603722677	-2.9625252626349
2.9800000190735	3.6297353302583	-2.9123149282936
2.9820001125336	3.6206082368766	-2.8625331245307
2.9839999675751	3.611362396962	-2.8131622352833
2.9860000610352	3.6019865373061	-2.7641478552448
2.9879999160767	3.592467662152	-2.7154661784963
2.9900000095367	3.5828082096318	-2.6670935665044
2.9920001029968	3.5729944550503	-2.6189749804944
2.9939999580383	3.5630318061176	-2.5710868615881
2.9960000514984	3.5529203051058	-2.5233872272644
2.9979999065399	3.5426689925832	-2.4758458307122
3	3.5322815014074	-2.4284323823984
3.0020000934601	3.521775041587	-2.3811167695204
3.0039999485016	3.5111618910574	-2.333863234848
3.0060000419617	3.500457769077	-2.2866531294242
3.0079998970032	3.4896870238825	-2.2394449909837
3.0099999904633	3.4788639461246	-2.1922319860906
3.0120000839233	3.4680127351668	-2.1449899255889
3.0139999389648	3.4571646634456	-2.0976892637713
3.0160000324249	3.4463399253018	-2.0503293272193
3.0179998874664	3.4355694281671	-2.0028802598471
3.0199999809265	3.4248756245559	-1.9553537162852
3.0220000743866	3.4142934046135	-1.9077315970912
3.0239999294281	3.4038476200492	-1.8600139768055
3.0260000228882	3.3935699620882	-1.8122003554407
3.0280001163483	3.3834851541102	-1.7642909380519
3.0299999713898	3.3736239869836	-1.7162973689065
3.0320000648499	3.3640073762817	-1.6682254008164
3.0339999198914	3.3546647606663	-1.6200813458162
3.0360000133514	3.3456173899151	-1.5718945186989
3.0380001068115	3.3368869823204	-1.5236591286173
3.039999961853	3.3284922353215	-1.4754230667368
3.0420000553131	3.3204550449217	-1.4271802957485
3.0439999103546	3.3127848575954	-1.3789666375706
3.0460000038147	3.305495388372	-1.3308059496508
3.0480000972748	3.298596825392	-1.2827281757536
3.0499999523163	3.2920970042944	-1.2347452484644
3.0520000457764	3.285997418616	-1.1868992003269
3.0539999008179	3.2803006662301	-1.1392137441164
3.055999994278	3.2750044191783	-1.0917128868586
3.058000087738	3.2701009709391	-1.0444327670013
3.0599999427795	3.2655872146107	-0.99738516179676
3.0620000362396	3.2614454760084	-0.95061198059544
3.0639998912811	3.2576660239752	-0.90413116725917
3.0659999847412	3.2542320898218	-0.85797279246931
3.0680000782013	3.2511258112992	-0.81215474206582
3.0699999332428	3.2483208043521	-0.76670090513836
3.0720000267029	3.2457996865111	-0.72162344622803
3.0739998817444	3.243531288733	-0.67694605655686
3.0759999752045	3.2414935242919	-0.63267502943914
3.0780000686646	3.2396520830614	-0.58883407975838
3.0799999237061	3.2379819165476	-0.54541725882737
3.0820000171661	3.2364472992294	-0.50244259772879
3.0840001106262	3.2350181308663	-0.45990406013168
3.0859999656677	3.2336640818218	-0.41780760070029
3.0880000591278	3.2323483141638	-0.37614125034925
3.0899999141693	3.2310455680477	-0.33491104630971
3.0920000076294	3.2297189919158	-0.29409890021005
3.0940001010895	3.2283434391553	-0.25369293444643
3.095999956131	3.2268834986106	-0.21368104485722
3.0980000495911	3.2253156751823	-0.17403340279911
3.0999999046326	3.2236127448243	-0.13474988720702
3.1019999980927	3.2217493229613	-0.09578862165937
3.1040000915527	3.2197031196918	-0.057131607685736
3.1059999465942	3.2174534353893	-0.018760845772977
3.1080000400543	3.2149896236044	0.019371529287074
3.1099998950958	3.212290637012	0.057289504423767
3.1119999885559	3.2093505413857	0.095023047438085
3.114000082016	3.2061564805006	0.13259614134854
3.1159999370575	3.2027071873003	0.17005668162037
3.1180000305176	3.1989962277472	0.20742860220687
3.1199998855591	3.1950338273098	0.24475391106537
3.1219999790192	3.1908166048035	0.28205649934184
3.1240000724792	3.1863526982445	0.3193783451874
3.1259999275208	3.1816570284472	0.35674336066296
3.1280000209808	3.1767390269246	0.39419347262592
3.1300001144409	3.1716201292614	0.43174671206932
3.1319999694824	3.1663180592424	0.46943300687462
3.1340000629425	3.1608522788483	0.50727032887664
3.135999917984	3.1552485405215	0.54529451976771
3.1380000114441	3.1495327582009	0.58352366338332
3.1400001049042	3.1437342467383	0.62196971004082
3.1419999599457	3.1378805328924	0.66064462088572
3.1440000534058	3.1320022738062	0.69956640874993
3.1459999084473	3.1261286370028	0.73874095038008
3.1480000019073	3.1202971818233	0.77817427601819
3.1500000953674	3.1145371251638	0.81786652029567
3.1519999504089	3.1088829315605	0.85781161775061
3.154000043869	3.1033599703195	0.89802291642582
3.1559998989105	3.0980052823841	0.93846752608043
3.1579999923706	3.0928487257605	0.97912897813859
3.1600000858307	3.0879153202397	1.0200312849911
3.1619999408722	3.0832344909044	1.0611263323356
3.1640000343323	3.0788288955905	1.1024142120332
3.1659998893738	3.0747272890184	1.1438711424432
3.1679999828339	3.0709461484666	1.1854489167985
3.1700000762939	3.0675023301516	1.2271713915951
3.1719999313354	3.0644131667033	1.2689431158328
3.1740000247955	3.0616936123213	1.3107640091958
3.1760001182556	3.0593468261554	1.3526338082578
3.1779999732971	3.0573809850866	1.3944568433006
3.1800000667572	3.055800150398	1.4362568244394
3.1819999217987	3.0546037594839	1.477986244128
3.1840000152588	3.0537848446458	1.5195969913237
3.1860001087189	3.0533387248158	1.5610651038258
3.1879999637604	3.053254372673	1.6023905920919
3.1900000572205	3.053513160605	1.6434775801251
3.191999912262	3.0541063684251	1.6843503907744
3.194000005722	3.0550113604395	1.7249848084277
3.1960000991821	3.0562002402968	1.7652849233738
3.1979999542236	3.0576528789343	1.8053231502734
3.2000000476837	3.0593400876655	1.8450274204247
3.2019999027252	3.0612330526748	1.8843978110463
3.2039999961853	3.0632978982467	1.9234102399721
3.2060000896454	3.0655041872334	1.9620412737098
3.2079999446869	3.0678181185686	2.0002909415777
3.210000038147	3.0702006360249	2.0381830240731
3.2119998931885	3.0726180431077	2.0756701045534
3.2139999866486	3.0750360622606	2.1128002746391
3.2160000801086	3.0774159831672	2.1495255118468
3.2179999351501	3.0797215824907	2.1858940074809
3.2200000286102	3.0819250988918	2.2219301212867
3.2219998836517	3.0839874611922	2.2576093989787
3.2239999771118	3.0858752525287	2.2929806482383
3.2260000705719	3.0875658002548	2.3280440403392
3.2279999256134	3.089026686986	2.3628709579553
3.2300000190735	3.0902323706076	2.3974141809745
3.2320001125336	3.0911631312946	2.4317698025613
3.2339999675751	3.0917974914017	2.4659372967565
3.2360000610352	3.0921161433926	2.4999653238045
3.2379999160767	3.0921131700324	2.5339020653979
3.2400000095367	3.091773464646	2.5677474282701
3.2420001029968	3.0910946489315	2.6015973043075
3.2439999580383	3.0900771993302	2.6354280013583
3.2460000514984	3.0887155688392	2.6693111147818
3.2479999065399	3.0870239279543	2.7032713357248
3.25	3.0850047230115	2.7373800864768
3.2520000934601	3.0826776147801	2.7716380818701
3.2539999485016	3.0800531682674	2.8061162270338
3.2560000419617	3.077155054204	2.8407911551106
3.2579998970032	3.0740036054406	2.8757345710766
3.2599999904633	3.0706332160252	2.9109951568703
3.2620000839233	3.0670640596909	2.9465478494523
3.2639999389648	3.0633327735112	2.9824648771738
3.2660000324249	3.0594728923764	3.0187223338709
3.2679998874664	3.0555190052434	3.0553919769974
3.2699999809265	3.0515096260568	3.0924497950146
3.2720000743866	3.0474823070854	3.1298955081702
3.2739999294281	3.0434774151894	3.1677766650313
3.2760000228882	3.039534583398	3.2060457933869
3.2780001163483	3.0356947919991	3.2447024537624
3.2799999713898	3.0319968939953	3.2838186269342
3.2820000648499	3.0284782447048	3.3232978763867
3.2839999198914	3.0251802007871	3.3631648556981
3.2860000133514	3.0221314007195	3.4033695656422
3.2880001068115	3.0193737867502	3.4439854001391
3.289999961853	3.0169348688835	3.4848677995618
3.2920000553131	3.0148460496442	3.526016742976
3.2939999103546	3.0131323812501	3.5674797797819
3.2960000038147	3.0118176359411	3.6091363856548
3.2980000972748	3.0109233648086	3.6509872091908
3.2999999523163	3.0104643631995	3.6929836478176
3.3020000457764	3.0104524506917	3.7351249895365
3.3039999008179	3.0108975960881	3.7773159152327
3.305999994278	3.0118052089442	3.8195565509987
3.308000087738	3.0131742952398	3.8617738577002
3.3099999427795	3.0150003244193	3.9039685783677
3.3120000362396	3.0172744399934	3.9460671644649
3.3139998912811	3.0199859136314	3.9880229881938
3.3159999847412	3.0231192782142	4.0298112304873
3.3180000782013	3.0266538856188	4.0714082521905
3.3199999332428	3.0305647239389	4.1127419447763
3.3220000267029	3.0348226884271	4.1538125912434
3.3239998817444	3.0393974046852	4.1945956052071
3.3259999752045	3.0442591463464	4.2350198634401
3.3280000686646	3.0493649808212	4.2751088654148
3.3299999237061	3.0546776742391	4.3148390951281
3.3320000171661	3.0601593386617	4.3541388940561
3.3340001106262	3.0657589462023	4.3930799397998
3.3359999656677	3.0714366489743	4.4315918059153
3.3380000591278	3.0771475033355	4.4696971844232
3.3399999141693	3.0828430038875	4.5073977002922
3.3420000076294	3.0884798674649	4.544693892421
3.3440001010895	3.0940066383548	4.5815829362901
3.345999956131	3.0993875199034	4.6181003149346
3.3480000495911	3.1045776706544	4.6542625432719
3.3499999046326	3.1095289303063	4.6900940157029
3.3519999980927	3.1142096031303	4.7256128043582
3.3540000915527	3.1185787746466	4.7608681111094
3.3559999465942	3.1226083934107	4.7958841017853
3.3580000400543	3.1262633835503	4.8307035131732
3.3599998950958	3.1295205440904	4.8653690201041
3.3619999885559	3.1323587886209	4.8999293028219
3.364000082016	3.1347597026428	4.9344265915199
3.3659999370575	3.1367126719076	4.9689158511596
3.3680000305176	3.1382058326173	5.0034388268731
3.3699998855591	3.1392420479501	5.0380500609076
3.3719999790192	3.1398196930207	5.0727989829902
3.3740000724792	3.1399458862127	5.107751543532
3.3759999275208	3.1396349572155	5.1429439044577
3.3780000209808	3.1389027271094	5.1784304596197
3.3800001144409	3.1377684543176	5.2142468366599
3.3819999694824	3.1362657457227	5.2504608023481
3.3840000629425	3.1344233188672	5.2871019482421
3.385999917984	3.1322737970879	5.3242230402497
3.3880000114441	3.1298554012898	5.3618307169724
3.3900001049042	3.1272187528987	5.3999988649987
3.3919999599457	3.1244030102551	5.438719598721
3.3940000534058	3.1214578846807	5.4780354095264
3.3959999084473	3.1184359236709	5.5179574468095
3.3980000019073	3.1153885196682	5.55851048687
3.4000000953674	3.1123723734975	5.5996937260527
3.4019999504089	3.1094379602115	5.6415193818641
3.404000043869	3.106640901902	5.6839675010407
3.4059998989105	3.1040401481775	5.7270519995419
3.4079999923706	3.1016806905679	5.7707465765003
3.4100000858307	3.0996254100046	5.8150401117038
3.4119999408722	3.0979183550321	5.8599124945125
3.4140000343323	3.0966055996201	5.9053277359737
3.4159998893738	3.0957407880497	5.9512566695575
3.4179999828339	3.0953553537175	5.9976535905265
3.4200000762939	3.0954933595444	6.0444960368933
3.4219999313354	3.0961934318058	6.091718001406
3.4240000247955	3.0974748086488	6.1392864400571
3.4260001182556	3.0993638793886	6.1871467708678
3.4279999732971	3.1018820078946	6.2352454792711
3.4300000667572	3.1050460231048	6.2835279779424
3.4319999217987	3.1088624036971	6.3319261330866
3.4340000152588	3.1133301609502	6.3803976072581
3.4360001087189	3.1184458364409	6.4288754705978
3.4379999637604	3.1242083248469	6.4773067933397
3.4400000572205	3.1305936465302	6.5256398209275
3.441999912262	3.1375862155196	6.5738046002411
3.444000005722	3.1451570579549	6.621757961632
3.4460000991821	3.1532704222316	6.6694492939662
3.4479999542236	3.1618945179983	6.7168271882235
3.4500000476837	3.1709871251048	6.7638539737987
3.4519999027252	3.1805018474055	6.8104877621269
3.4539999961853	3.190381923799	6.8566856812787
3.4560000896454	3.2005812867096	6.9024320507332
3.4579999446869	3.2110344673846	6.9476896272943
3.460000038147	3.2216817475621	6.9924462344174
3.4619998931885	3.232464758642	7.0366905302627
3.4639999866486	3.2433117923113	7.080406739057
3.4660000801086	3.2541666190096	7.1236069889486
3.4679999351501	3.2649564864492	7.1663035786867
3.4700000286102	3.2756164324989	7.2084854790186
3.4719998836517	3.2860836816791	7.2501980392632
3.4739999771118	3.2962974602766	7.2914645562208
3.4760000705719	3.3061919915819	7.332299083338
3.4779999256134	3.3157147477067	7.3727700418407
3.4800000190735	3.3248087143452	7.412902225383
3.4820001125336	3.3334274156463	7.4527521329737
3.4839999675751	3.3415244422806	7.4923744749345
3.4860000610352	3.3490649283068	7.5318390080749
3.4879999160767	3.3560090372793	7.5712123311121
3.4900000095367	3.3623339989402	7.6105506178123
3.4920001029968	3.3680204546774	7.6499283298307
3.4939999580383	3.3730542948157	7.6894315784435
3.4960000514984	3.3774265371244	7.7291336367204
3.4979999065399	3.3811407331642	7.7691070923725
3.5	3.384213303395	7.8094167407378
