CST XY Data Exchange Format V2

Title    = Farfield Directivity Abs (Theta=90)
Xlabel   = Phi / Degree
Ylabel   = dBi

Curvelabel                             = farfield (f=2.6) [1]
Filename                               = ^farfield (f=2.6) [1].sig
Npoints                                = 361
Type                                   = 48
Subtype                                = 9
Result type                            = farfield:polar
Type flags                             = 00000
Yscale                                 = 1
View type                              = Polar
Data/Title                             = Farfield Directivity Abs (Theta=90)
X/Label                                = Phi
X/Unit                                 = deg
Y/Unit                                 = dBi
Y/Logfactor                            = 10
Farfield/Plot/ComplexComponent|string  = Abs
Farfield/Plot/InfoText|string          = Frequency = 2.6 GHz\r\nMain lobe magnitude =    -2.68 dBi\r\nMain lobe direction =  151.0 deg.\r\n
Farfield/Plot/MainLobeDirection|double = 151
Farfield/Plot/Orientation|double       = -0
Farfield/Plot/Version|int              = 20101010
Farfield/Polar/Quadrant1Left|double    = 0
Farfield/Polar/Quadrant1Right|double   = 90
Farfield/Polar/Quadrant2Left|double    = 90
Farfield/Polar/Quadrant2Right|double   = 180
Farfield/Polar/Quadrant3Left|double    = 180
Farfield/Polar/Quadrant3Right|double   = 270
Farfield/Polar/Quadrant4Left|double    = 270
Farfield/Polar/Quadrant4Right|double   = 360

0	0	-2.939766230247
1	1	-2.9302598858799
2	2	-2.9202789060554
3	3	-2.9098678485562
4	4	-2.899074586091
5	5	-2.8879503729185
6	6	-2.8765495582508
7	7	-2.8649292861471
8	8	-2.8531491846086
9	9	-2.8412710465216
10	10	-2.8293585049915
11	11	-2.8174767054806
12	12	-2.8056919770046
13	13	-2.7940715044666
14	14	-2.782683004017
15	15	-2.7715944031274
16	16	-2.7608735268628
17	17	-2.750587791635
18	18	-2.7408039075164
19	19	-2.7315875900079
20	20	-2.7230032819701
21	21	-2.7151138862607
22	22	-2.7079805094699
23	23	-2.7016622170087
24	24	-2.6962157996863
25	25	-2.6916955518123
26	26	-2.6881530607752
27	27	-2.6856370079823
28	28	-2.6841929809978
29	29	-2.6838633162211
30	30	-2.6846866860316
31	31	-2.6866986383671
32	32	-2.6899307280247
33	33	-2.6944106374813
34	34	-2.7001620519312
35	35	-2.7072045441975
36	36	-2.7155534694416
37	37	-2.7252198696464
38	38	-2.7362103879094
39	39	-2.7485271926427
40	40	-2.7621679118451
41	41	-2.7771255776756
42	42	-2.7933655461055
43	43	-2.8109198862783
44	44	-2.829742280595
45	45	-2.8498070600166
46	46	-2.871083849457
47	47	-2.8935375826861
48	48	-2.9171285308811
49	49	-2.9418123455
50	50	-2.9675401161773
51	51	-2.994258444353
52	52	-3.0219095333467
53	53	-3.0504312955766
54	54	-3.0797574775906
55	55	-3.1098178035364
56	56	-3.1405381376304
57	57	-3.1718406661089
58	58	-3.2036440990443
59	59	-3.235863892294
60	60	-3.268412489713
61	61	-3.3011995856098
62	62	-3.3341324072555
63	63	-3.3671160170711
64	64	-3.4000536339198
65	65	-3.432846972722
66	66	-3.465396601393
67	67	-3.4976023138813
68	68	-3.5293635178577
69	69	-3.5605796353863
70	70	-3.5911505146897
71	71	-3.6209768509129
72	72	-3.6499606135989
73	73	-3.6780054784141
74	74	-3.7050172605083
75	75	-3.7309043467645
76	76	-3.7555781240962
77	77	-3.7789534008791
78	78	-3.8009488185666
79	79	-3.8214872505354
80	80	-3.8404961852368
81	81	-3.8579080907944
82	82	-3.8736607582844
83	83	-3.8876976210637
84	84	-3.8999680476704
85	85	-3.9104276060047
86	86	-3.9190382967112
87	87	-3.9257687539156
88	88	-3.9305944117191
89	89	-3.9334976351262
90	90	-3.9344678143562
91	91	-3.9334976309213
92	92	-3.9305944033284
93	93	-3.9257687413744
94	94	-3.9190382800721
95	95	-3.910427585337
96	96	-3.8999680230599
97	97	-3.8876975926118
98	98	-3.873660726107
99	99	-3.8579080550215
100	100	-3.840496146011
101	101	-3.8214872080113
102	102	-3.8009487729091
103	103	-3.7789533522627
104	104	-3.7555780727035
105	105	-3.730904292785
106	106	-3.7050172041371
107	107	-3.6780054198508
108	108	-3.6499605530463
109	109	-3.6209767885759
110	110	-3.5911504507741
111	111	-3.5605795700977
112	112	-3.5293634514006
113	113	-3.4976022464583
114	114	-3.4653965332036
115	115	-3.432846903962
116	116	-3.4000535647809
117	117	-3.3671159477398
118	118	-3.3341323379128
119	119	-3.301199516431
120	120	-3.2684124208672
121	121	-3.2358638239436
122	122	-3.203644031345
123	123	-3.1718405992097
124	124	-3.1405380716735
125	125	-3.1098177386569
126	126	-3.0797574139168
127	127	-3.0504312332302
128	128	-3.0219094724429
129	129	-2.9942583850004
130	130	-2.9675400584785
131	131	-2.9418122895515
132	132	-2.9171284767741
133	133	-2.8935375305061
134	134	-2.8710837992846
135	135	-2.8498070119277
136	136	-2.8297422346609
137	137	-2.8109198425662
138	138	-2.7933655046787
139	139	-2.7771255385935
140	140	-2.7621678751645
141	141	-2.7485271584171
142	142	-2.7362103561894
143	143	-2.72521984048
144	144	-2.7155534428743
145	145	-2.7072045202726
146	146	-2.70016203069
147	147	-2.6944106189628
148	148	-2.6899307122661
149	149	-2.6866986254036
150	150	-2.6846866758966
151	151	-2.6838633089457
152	152	-2.6841929766088
153	153	-2.6856370065093
154	154	-2.6881530622431
155	155	-2.6916955562432
156	156	-2.6962158070997
157	157	-2.7016622274212
158	158	-2.7079805228947
159	159	-2.7151139027076
160	160	-2.7230033014448
161	161	-2.731587612512
162	162	-2.7408039330468
163	163	-2.7505878201837
164	164	-2.7608735584164
165	165	-2.7715944376665
166	166	-2.7826830415162
167	167	-2.7940715448939
168	168	-2.805692020321
169	169	-2.8174767516399
170	170	-2.8293585539397
171	171	-2.8412710981969
172	172	-2.853149238941
173	173	-2.8649293430583
174	174	-2.876549617654
175	175	-2.8879504347182
176	176	-2.8990746501831
177	177	-2.909867914828
178	178	-2.9202789743858
179	179	-2.9302599561394
180	180	-2.9397663022967
181	181	-2.9487615423802
182	182	-2.9572060509292
183	183	-2.9650680243638
184	184	-2.9723201782325
185	185	-2.9789398979078
186	186	-2.9849093585718
187	187	-2.9902156128426
188	188	-2.9948506447189
189	189	-2.9988113888811
190	190	-3.0020997147671
191	191	-3.0047223752419
192	192	-3.0066909200854
193	193	-3.0080215749304
194	194	-3.0087350866794
195	195	-3.0088565368091
196	196	-3.0084151243256
197	197	-3.0074439204593
198	198	-3.0059795974708
199	199	-3.0040621341831
200	200	-3.0017345010554
201	201	-2.9990423277589
202	202	-2.9960335563187
203	203	-2.9927580829382
204	204	-2.9892673916284
205	205	-2.9856141827265
206	206	-2.9818519993153
207	207	-2.9780348544372
208	208	-2.9742168618602
209	209	-2.9704485617444
210	210	-2.9667891937083
211	211	-2.9632884023128
212	212	-2.9599971752807
213	213	-2.9569648918397
214	214	-2.9542390222249
215	215	-2.9518648445997
216	216	-2.9498851805402
217	217	-2.9483401500375
218	218	-2.9472669467901
219	219	-2.9466996343906
220	220	-2.9466689638594
221	221	-2.947202212836
222	222	-2.9482982544967
223	223	-2.9500301261403
224	224	-2.9523856654531
225	225	-2.9553771079447
226	226	-2.9590127389806
227	227	-2.9632968634285
228	228	-2.9682297963751
229	229	-2.9738078745643
230	230	-2.9800234881636
231	231	-2.9868651324176
232	232	-2.9943174787114
233	233	-3.0023614645203
234	234	-3.0109744016811
235	235	-3.0201301023756
236	236	-3.0297990221711
237	237	-3.0399484194102
238	238	-3.0505425301917
239	239	-3.0615427581256
240	240	-3.0729078779886
241	241	-3.0845942523442
242	242	-3.0965560601258
243	243	-3.1087455361225
244	244	-3.1211132202386
245	245	-3.1336082153401
246	246	-3.1461784524383
247	247	-3.1587709619094
248	248	-3.1713321493965
249	249	-3.1838080749989
250	250	-3.1961447343184
251	251	-3.2082883399058
252	252	-3.2201856016345
253	253	-3.2317840045234
254	254	-3.2430320825357
255	255	-3.2538796868951
256	256	-3.264278247491
257	257	-3.2741810259802
258	258	-3.2835433592412
259	259	-3.2923228918951
260	260	-3.3004797966731
261	261	-3.3079769814834
262	262	-3.3147802821114
263	263	-3.3208586395695
264	264	-3.3261842612057
265	265	-3.3307327647666
266	266	-3.3344833047085
267	267	-3.3374186801429
268	268	-3.3395254238971
269	269	-3.3407938722673
270	270	-3.3412182151363
271	271	-3.340793874445
272	272	-3.3395254282443
273	273	-3.337418686639
274	274	-3.3344833133225
275	275	-3.3307327754576
276	276	-3.326184273923
277	277	-3.3208586542528
278	278	-3.3147802986912
279	279	-3.3079769998814
280	280	-3.3004798168022
281	281	-3.2923229136605
282	282	-3.2835433825404
283	283	-3.2741810507037
284	284	-3.2642782735226
285	285	-3.2538797141127
286	286	-3.2430321108116
287	287	-3.231784033725
288	288	-3.220185631625
289	289	-3.2082883705446
290	290	-3.1961447654616
291	291	-3.1838081064999
292	292	-3.1713321811068
293	293	-3.158770993679
294	294	-3.1461784841159
295	295	-3.1336082467742
296	296	-3.1211132512774
297	297	-3.108745566615
298	298	-3.0965560899218
299	299	-3.0845942812948
300	300	-3.0729079059469
301	301	-3.0615427849467
302	302	-3.0505425557336
303	303	-3.0399484435337
304	304	-3.0297990447402
305	305	-3.0201301232584
306	306	-3.0109744207494
307	307	-3.0023614816504
308	308	-2.994317493784
309	309	-2.9868651453187
310	310	-2.9800234987843
311	311	-2.9738078828012
312	312	-2.9682298021306
313	313	-2.9632968666113
314	314	-2.9590127395057
315	315	-2.9553771057336
316	316	-2.9523856604345
317	317	-2.9500301182501
318	318	-2.9482982436783
319	319	-2.9472021990402
320	320	-2.9466689470456
321	321	-2.9466996145264
322	322	-2.9472669238515
323	323	-2.9483401240095
324	324	-2.9498851514167
325	325	-2.9518648123839
326	326	-2.9542389869296
327	327	-2.9569648534872
328	328	-2.9599971339032
329	329	-2.9632883579523
330	330	-2.9667891464168
331	331	-2.9704485115841
332	332	-2.9742168088994
333	333	-2.9780347987617
334	334	-2.9818519410171
335	335	-2.9856141219075
336	336	-2.9892673283997
337	337	-2.9927580174205
338	338	-2.9960334886414
339	339	-2.99904225806
340	340	-3.001734429481
341	341	-3.0040620608869
342	342	-3.0059795226134
343	343	-3.0074438442079
344	344	-3.0084150468526
345	345	-3.0088564582923
346	346	-3.0087350073006
347	347	-3.0080214948746
348	348	-3.0066908395403
349	349	-3.0047222943968
350	350	-3.002099633812
351	351	-2.9988113080057
352	352	-2.9948505641122
353	353	-2.9902155326917
354	354	-2.9849092790609
355	355	-2.9789398192176
356	356	-2.9723201005396
357	357	-2.9650679478395
358	358	-2.9572059757393
359	359	-2.9487614686842
0	360	-2.939766230247
